1 0.123784 0.122382 0.892261 0.894853 0.138196 0.866017 0.676254 0.894853 0.866017 0.894853 0.893281 0.866017 0.894853 -0.0837315 0.894853 0.212628 0.0691731 0.866017 0.671609 0.610574 -0.0437396 0.674704 -0.148918 0.671609 0.894853 0.674704 -0.278085 0.866017 0.866017 0.122382 0.670773 0.892261 0.122382 0.170811 0.89017 0.351871 -0.143074 0.667651 0.645976 -0.0497368 0.648388 0.558034 -0.11459 0.631148 -0.120065 0.628999 0.627274 0.628999 0.62437 0.828909 -0.151909 0.620888 0.631039 0.828909 0.619148 -0.151909 0.620799 0.622629 0.620888 0.620888 0.143714 -0.158949 0.828909 0.828909 0.55812 0.828909 0.622629 0.620888 0.828909 0.620888 -0.158949 0.828909 0.828909 0.620985 0.112276 0.828909 0.828909 -0.158949 -0.0563565 0.622629 0.622629 0.622629 0.825906 -0.104964 0.103509 0.590036 0.112276 0.821446 0.614623 0.61878 0.84767 0.62054 0.6223 0.6223 0.620655 0.62054 0.62054 0.617235 -0.280165 0.103509 -0.152245 0.0954451 0.828909
0.123784 1 0.993896 0.373191 0.370885 -0.0236368 -0.214087 0.280882 0.370885 -0.214087 0.370885 0.368598 -0.214087 0.370885 -1.99751e-4 0.370885 0.578485 0.272085 -0.214087 0.27922400000000003 -0.262311 -0.0132258 0.280328 -0.0323998 0.27922400000000003 0.370885 0.280328 -0.114247 -0.214087 -0.214087 0.993896 0.281961 0.373191 0.993896 -0.0833868 0.372419 -0.136722 0.570982 0.280859 0.253718 -0.0329715 0.266842 0.219354 -0.0589754 0.260985 -0.0725267 0.27281 0.272208 0.27281 0.260316 -0.226366 0.559172 0.259054 0.26041 -0.226366 0.258424 0.559172 0.257424 0.259685 0.259054 0.259054 -0.0597698 0.556073 -0.226366 -0.226366 -0.286839 -0.226366 0.259685 0.259054 -0.226366 0.259054 0.556073 -0.226366 -0.226366 0.260694 0.969308 -0.226366 -0.226366 0.556073 -0.0568009 0.259685 0.259685 0.259685 -0.227706 -0.0347097 0.963122 0.252974 0.956956 -0.227706 0.247569 0.24919 0.341278 0.249846 0.250503 0.250503 0.237696 0.249846 0.249846 0.251806 -0.112778 0.950717 -0.0910203 -0.049144 -0.226366
0.122382 0.993896 1 0.373062 0.370765 -0.0230295 -0.21792 0.282347 0.370765 -0.21792 0.370765 0.368488 -0.21792 0.370765 0.00100285 0.370765 0.58199 0.273744 -0.21792 0.280725 -0.264162 -0.0126514 0.28180500000000003 -0.0317596 0.280725 0.370765 0.28180500000000003 -0.11191 -0.21792 -0.21792 1 0.283431 0.373062 1 -0.0824833 0.372299 -0.135189 0.577017 0.282353 0.255004 -0.031929 0.275097 0.228352 -0.0582109 0.269457 -0.0719571 0.280945 0.280368 0.280945 0.268344 -0.222961 0.565112 0.267132 0.268523 -0.222961 0.266527 0.565112 0.265496 0.267738 0.267132 0.267132 -0.0593004 0.562031 -0.222961 -0.222961 -0.282116 -0.222961 0.267738 0.267132 -0.222961 0.267132 0.562031 -0.222961 -0.222961 0.268778 0.975279 -0.222961 -0.222961 0.562031 -0.0563547 0.267738 0.267738 0.267738 -0.224289 -0.0336944 0.969052 0.261205 0.962876 -0.224289 0.255571 0.257199 0.34795 0.257831 0.258462 0.258462 0.24563 0.257831 0.257831 0.259853 -0.11045 0.956596 -0.0900809 -0.048758 -0.222961
0.892261 0.373191 0.373062 1 0.997947 0.12995 0.822056 0.760336 0.997947 0.822056 0.997947 0.995923 0.822056 0.997947 -0.0821594 0.997947 0.223977 0.0632753 0.822056 0.755954 0.554641 -0.0719508 0.758872 -0.135456 0.755954 0.997947 0.758872 -0.300673 0.822056 0.822056 0.373062 0.755278 0.995864 0.373062 0.169249 0.993794 0.320651 0.0063977 0.752333 0.731529 -0.0600477 0.729977 0.635088 -0.122506 0.708004 -0.126622 0.708295 0.706639 0.708295 0.703633 0.778438 -0.00173432 0.700285 0.713483 0.778438 0.698614 -0.00173432 0.699907 0.701958 0.700285 0.700285 0.135305 -0.00908515 0.778438 0.778438 0.496477 0.778438 0.701958 0.700285 0.778438 0.700285 -0.00908515 0.778438 0.778438 0.700673 0.365656 0.778438 0.778438 -0.00908515 -0.0619581 0.701958 0.701958 0.701958 0.775318 -0.0902864 0.358318 0.671271 0.365656 0.770913 0.694342 0.698741 0.947068 0.700434 0.702128 0.702128 0.696832 0.700434 0.700434 0.697858 -0.302589 0.358318 -0.162538 0.0643343 0.778438
0.894853 0.370885 0.370765 0.997947 1 0.129152 0.825609 0.761826 1 0.825609 1 0.997959 0.825609 1 -0.0826076 1 0.222646 0.0627706 0.825609 0.757457 0.557376 -0.0720975 0.760367 -0.135495 0.757457 1 0.760367 -0.301389 0.825609 0.825609 0.370765 0.756798 0.997947 0.370765 0.16802 0.99588 0.318475 0.00424279 0.753862 0.733164 -0.0605477 0.731617 0.636628 -0.122719 0.709639 -0.126741 0.71009 0.70844 0.71009 0.705443 0.782369 -0.0038382 0.702105 0.715218 0.782369 0.700438 -0.0038382 0.701712 0.703773 0.702105 0.702105 0.134485 -0.0111846 0.782369 0.782369 0.499568 0.782369 0.703773 0.702105 0.782369 0.702105 -0.0111846 0.782369 0.782369 0.702507 0.3634 0.782369 0.782369 -0.0111846 -0.062164 0.703773 0.703773 0.703773 0.779253 -0.0906837 0.356093 0.67303 0.3634 0.77486 0.696195 0.700597 0.9495 0.702285 0.703974 0.703974 0.698709 0.702285 0.702285 0.699747 -0.303291 0.356093 -0.162807 0.0638009 0.782369
0.138196 -0.0236368 -0.0230295 0.12995 0.129152 1 0.149713 0.10939 0.129152 0.149713 0.129152 0.12836 0.149713 0.129152 -0.0346604 0.129152 0.0281892 -0.0156485 0.149713 0.108899 0.120906 -0.0181059 0.109226 0.0710631 0.108899 0.129152 0.109226 -0.0227424 0.149713 0.149713 -0.0230295 0.0899985 0.109408 -0.0230295 -0.035868 0.109121 -0.0602758 -0.0350387 0.0895891 0.0920728 -0.0339199 0.0918688 0.0909575 -0.0289813 0.0874663 0.0587619 0.0962917 0.096089 0.0962917 0.0966979 0.137678 -0.0336513 0.0962917 0.0943736 0.137678 0.096089 -0.0336513 0.0957171 0.0964946 0.0962917 0.0962917 -0.0205777 -0.0345761 0.137678 0.137678 0.108988 0.137678 0.0964946 0.0962917 0.137678 0.0962917 -0.0345761 0.137678 0.137678 0.0968695 -0.0218024 0.137678 0.137678 -0.0345761 -0.0195555 0.0964946 0.0964946 0.0964946 0.137289 -0.0333408 -0.0211825 0.0894488 -0.0218024 0.137289 0.0970721 0.0976528 0.11799 0.0978554 0.0980582 0.0980582 0.0984391 0.0978554 0.0978554 0.098623 -0.022206 -0.0211825 0.016526 -0.0169194 0.137678
0.866017 -0.214087 -0.21792 0.822056 0.825609 0.149713 1 0.629038 0.825609 1 0.825609 0.824847 1 0.825609 -0.0874188 0.825609 -0.119614 -0.100348 1 0.625433 0.746217 -0.0680785 0.627834 -0.123091 0.625433 0.825609 0.627834 -0.248729 1 1 -0.21792 0.623095 0.822056 -0.21792 0.226678 0.820348 0.416808 -0.346105 0.620665 0.61553 -0.0442292 0.601697 0.530276 -0.0935954 0.582028 -0.0894709 0.575523 0.574139 0.575523 0.578294 0.957623 -0.347365 0.575523 0.588458 0.957623 0.574139 -0.347365 0.576105 0.576908 0.575523 0.575523 0.177353 -0.353212 0.957623 0.957623 0.696377 0.957623 0.576908 0.575523 0.957623 0.575523 -0.353212 0.957623 0.957623 0.574945 -0.210641 0.957623 0.957623 -0.353212 -0.031088 0.576908 0.576908 0.576908 0.955155 -0.0748255 -0.214537 0.54857 -0.203106 0.95054 0.576336 0.579973 0.786401 0.581363 0.582754 0.582754 0.585017 0.581363 0.581363 0.577467 -0.251615 -0.206969 -0.11636 0.0966688 0.957623
0.676254 0.280882 0.282347 0.760336 0.761826 0.10939 0.629038 1 0.761826 0.629038 0.761826 0.76332 0.629038 0.761826 -0.172797 0.761826 0.173809 0.0691659 0.629038 0.994292 0.845038 -0.074117 0.998093 -0.172381 0.994292 0.761826 0.998093 0.385259 0.629038 0.629038 0.282347 0.996175 0.760336 0.282347 0.135269 0.757021 0.230656 0.504757 0.992351 0.979007 0.217153 0.977019 0.852556 -0.19618 0.940337 -0.140681 0.960492 0.958391 0.960492 0.957036 0.596064 0.501252 0.952796 0.964048 0.596064 0.95068 0.501252 0.950841 0.954915 0.952796 0.952796 0.0909524 0.491312 0.596064 0.596064 0.799106 0.596064 0.954915 0.952796 0.596064 0.952796 0.491312 0.596064 0.596064 0.950915 0.271529 0.596064 0.596064 0.491312 -0.112484 0.954915 0.954915 0.951075 0.591838 -0.177031 0.266069 0.917757 0.271529 0.587605 0.945351 0.947325 0.719455 0.949477 0.951631 0.951631 0.947619 0.949477 0.949477 0.941416 0.380601 0.266069 -0.195478 0.0630243 0.596064
0.894853 0.370885 0.370765 0.997947 1 0.129152 0.825609 0.761826 1 0.825609 1 0.997959 0.825609 1 -0.0826076 1 0.222646 0.0627706 0.825609 0.757457 0.557376 -0.0720975 0.760367 -0.135495 0.757457 1 0.760367 -0.301389 0.825609 0.825609 0.370765 0.756798 0.997947 0.370765 0.16802 0.99588 0.318475 0.00424279 0.753862 0.733164 -0.0605477 0.731617 0.636628 -0.122719 0.709639 -0.126741 0.71009 0.70844 0.71009 0.705443 0.782369 -0.0038382 0.702105 0.715218 0.782369 0.700438 -0.0038382 0.701712 0.703773 0.702105 0.702105 0.134485 -0.0111846 0.782369 0.782369 0.499568 0.782369 0.703773 0.702105 0.782369 0.702105 -0.0111846 0.782369 0.782369 0.702507 0.3634 0.782369 0.782369 -0.0111846 -0.062164 0.703773 0.703773 0.703773 0.779253 -0.0906837 0.356093 0.67303 0.3634 0.77486 0.696195 0.700597 0.9495 0.702285 0.703974 0.703974 0.698709 0.702285 0.702285 0.699747 -0.303291 0.356093 -0.162807 0.0638009 0.782369
0.866017 -0.214087 -0.21792 0.822056 0.825609 0.149713 1 0.629038 0.825609 1 0.825609 0.824847 1 0.825609 -0.0874188 0.825609 -0.119614 -0.100348 1 0.625433 0.746217 -0.0680785 0.627834 -0.123091 0.625433 0.825609 0.627834 -0.248729 1 1 -0.21792 0.623095 0.822056 -0.21792 0.226678 0.820348 0.416808 -0.346105 0.620665 0.61553 -0.0442292 0.601697 0.530276 -0.0935954 0.582028 -0.0894709 0.575523 0.574139 0.575523 0.578294 0.957623 -0.347365 0.575523 0.588458 0.957623 0.574139 -0.347365 0.576105 0.576908 0.575523 0.575523 0.177353 -0.353212 0.957623 0.957623 0.696377 0.957623 0.576908 0.575523 0.957623 0.575523 -0.353212 0.957623 0.957623 0.574945 -0.210641 0.957623 0.957623 -0.353212 -0.031088 0.576908 0.576908 0.576908 0.955155 -0.0748255 -0.214537 0.54857 -0.203106 0.95054 0.576336 0.579973 0.786401 0.581363 0.582754 0.582754 0.585017 0.581363 0.581363 0.577467 -0.251615 -0.206969 -0.11636 0.0966688 0.957623
0.894853 0.370885 0.370765 0.997947 1 0.129152 0.825609 0.761826 1 0.825609 1 0.997959 0.825609 1 -0.0826076 1 0.222646 0.0627706 0.825609 0.757457 0.557376 -0.0720975 0.760367 -0.135495 0.757457 1 0.760367 -0.301389 0.825609 0.825609 0.370765 0.756798 0.997947 0.370765 0.16802 0.99588 0.318475 0.00424279 0.753862 0.733164 -0.0605477 0.731617 0.636628 -0.122719 0.709639 -0.126741 0.71009 0.70844 0.71009 0.705443 0.782369 -0.0038382 0.702105 0.715218 0.782369 0.700438 -0.0038382 0.701712 0.703773 0.702105 0.702105 0.134485 -0.0111846 0.782369 0.782369 0.499568 0.782369 0.703773 0.702105 0.782369 0.702105 -0.0111846 0.782369 0.782369 0.702507 0.3634 0.782369 0.782369 -0.0111846 -0.062164 0.703773 0.703773 0.703773 0.779253 -0.0906837 0.356093 0.67303 0.3634 0.77486 0.696195 0.700597 0.9495 0.702285 0.703974 0.703974 0.698709 0.702285 0.702285 0.699747 -0.303291 0.356093 -0.162807 0.0638009 0.782369
0.893281 0.368598 0.368488 0.995923 0.997959 0.12836 0.824847 0.76332 0.997959 0.824847 0.997959 1 0.824847 0.997959 -0.0830546 0.997959 0.221328 0.06227 0.824847 0.758965 0.560104 -0.0722446 0.761865 -0.135536 0.758965 0.997959 0.761865 -0.296296 0.824847 0.824847 0.368488 0.758321 0.995923 0.368488 0.1668 0.993856 0.323718 0.00686094 0.755394 0.734802 -0.0483991 0.733259 0.638169 -0.122933 0.711276 -0.126863 0.711888 0.710242 0.711888 0.707254 0.781913 -0.00116507 0.703926 0.716954 0.781913 0.702264 -0.00116507 0.703519 0.705589 0.703926 0.703926 0.133671 -0.00851009 0.781913 0.781913 0.502649 0.781913 0.705589 0.703926 0.781913 0.703926 -0.00851009 0.781913 0.781913 0.704342 0.361163 0.781913 0.781913 -0.00851009 -0.0623698 0.705589 0.705589 0.705589 0.778797 -0.0910801 0.353888 0.674789 0.361163 0.774418 0.698049 0.702453 0.94778 0.704136 0.70582 0.70582 0.700586 0.704136 0.704136 0.701637 -0.298173 0.353888 -0.163077 0.0632718 0.781913
0.866017 -0.214087 -0.21792 0.822056 0.825609 0.149713 1 0.629038 0.825609 1 0.825609 0.824847 1 0.825609 -0.0874188 0.825609 -0.119614 -0.100348 1 0.625433 0.746217 -0.0680785 0.627834 -0.123091 0.625433 0.825609 0.627834 -0.248729 1 1 -0.21792 0.623095 0.822056 -0.21792 0.226678 0.820348 0.416808 -0.346105 0.620665 0.61553 -0.0442292 0.601697 0.530276 -0.0935954 0.582028 -0.0894709 0.575523 0.574139 0.575523 0.578294 0.957623 -0.347365 0.575523 0.588458 0.957623 0.574139 -0.347365 0.576105 0.576908 0.575523 0.575523 0.177353 -0.353212 0.957623 0.957623 0.696377 0.957623 0.576908 0.575523 0.957623 0.575523 -0.353212 0.957623 0.957623 0.574945 -0.210641 0.957623 0.957623 -0.353212 -0.031088 0.576908 0.576908 0.576908 0.955155 -0.0748255 -0.214537 0.54857 -0.203106 0.95054 0.576336 0.579973 0.786401 0.581363 0.582754 0.582754 0.585017 0.581363 0.581363 0.577467 -0.251615 -0.206969 -0.11636 0.0966688 0.957623
0.894853 0.370885 0.370765 0.997947 1 0.129152 0.825609 0.761826 1 0.825609 1 0.997959 0.825609 1 -0.0826076 1 0.222646 0.0627706 0.825609 0.757457 0.557376 -0.0720975 0.760367 -0.135495 0.757457 1 0.760367 -0.301389 0.825609 0.825609 0.370765 0.756798 0.997947 0.370765 0.16802 0.99588 0.318475 0.00424279 0.753862 0.733164 -0.0605477 0.731617 0.636628 -0.122719 0.709639 -0.126741 0.71009 0.70844 0.71009 0.705443 0.782369 -0.0038382 0.702105 0.715218 0.782369 0.700438 -0.0038382 0.701712 0.703773 0.702105 0.702105 0.134485 -0.0111846 0.782369 0.782369 0.499568 0.782369 0.703773 0.702105 0.782369 0.702105 -0.0111846 0.782369 0.782369 0.702507 0.3634 0.782369 0.782369 -0.0111846 -0.062164 0.703773 0.703773 0.703773 0.779253 -0.0906837 0.356093 0.67303 0.3634 0.77486 0.696195 0.700597 0.9495 0.702285 0.703974 0.703974 0.698709 0.702285 0.702285 0.699747 -0.303291 0.356093 -0.162807 0.0638009 0.782369
-0.0837315 -1.99751e-4 0.00100285 -0.0821594 -0.0826076 -0.0346604 -0.0874188 -0.172797 -0.0826076 -0.0874188 -0.0826076 -0.0830546 -0.0874188 -0.0826076 1 -0.0826076 0.0481684 0.0479826 -0.0874188 -0.175917 -0.175169 -0.0309385 -0.17383 -0.0380458 -0.175917 -0.0826076 -0.17383 -0.138085 -0.0874188 -0.0874188 0.00100285 -0.17346 -0.0821594 0.00100285 -0.0270355 -0.0829493 -0.0608769 -0.114062 -0.175548 -0.181586 -0.0579609 -0.171318 -0.179263 -0.00800605 -0.18162 0.00502523 -0.164021 -0.165028 -0.164021 -0.162025 -0.0762149 -0.111742 -0.164021 -0.166132 -0.0762149 -0.165028 -0.111742 -0.164389 -0.16302 -0.164021 -0.164021 -0.0351622 -0.113288 -0.0762149 -0.0762149 -0.165504 -0.0762149 -0.16302 -0.164021 -0.0762149 -0.164021 -0.113288 -0.0762149 -0.0762149 -0.163653 0.0034383 -0.0762149 -0.0762149 -0.113288 0.0175179 -0.16302 -0.16302 -0.16302 -0.0769838 -0.0228563 0.00467173 -0.17383 0.0034383 -0.0769838 -0.162652 -0.162284 -0.0703318 -0.161288 -0.160298 -0.160298 -0.16092 -0.161288 -0.161288 -0.162553 -0.137352 0.00467173 -0.002707 -0.0289111 -0.0762149
0.894853 0.370885 0.370765 0.997947 1 0.129152 0.825609 0.761826 1 0.825609 1 0.997959 0.825609 1 -0.0826076 1 0.222646 0.0627706 0.825609 0.757457 0.557376 -0.0720975 0.760367 -0.135495 0.757457 1 0.760367 -0.301389 0.825609 0.825609 0.370765 0.756798 0.997947 0.370765 0.16802 0.99588 0.318475 0.00424279 0.753862 0.733164 -0.0605477 0.731617 0.636628 -0.122719 0.709639 -0.126741 0.71009 0.70844 0.71009 0.705443 0.782369 -0.0038382 0.702105 0.715218 0.782369 0.700438 -0.0038382 0.701712 0.703773 0.702105 0.702105 0.134485 -0.0111846 0.782369 0.782369 0.499568 0.782369 0.703773 0.702105 0.782369 0.702105 -0.0111846 0.782369 0.782369 0.702507 0.3634 0.782369 0.782369 -0.0111846 -0.062164 0.703773 0.703773 0.703773 0.779253 -0.0906837 0.356093 0.67303 0.3634 0.77486 0.696195 0.700597 0.9495 0.702285 0.703974 0.703974 0.698709 0.702285 0.702285 0.699747 -0.303291 0.356093 -0.162807 0.0638009 0.782369
0.212628 0.578485 0.58199 0.223977 0.222646 0.0281892 -0.119614 0.173809 0.222646 -0.119614 0.222646 0.221328 -0.119614 0.222646 0.0481684 0.222646 1 0.444277 -0.119614 0.173004 -0.152153 0.0387422 0.173539 -0.0358561 0.173004 0.222646 0.173539 -0.0608688 -0.119614 -0.119614 0.58199 0.174476 0.223977 0.58199 -0.0577622 0.223567 -0.0970689 0.339373 0.173942 0.17785 -0.0169345 0.177583 0.156147 -0.0466718 0.170744 -0.0402114 0.184729 0.184463 0.184729 0.161632 -0.109663 0.313575 0.161001 0.157891 -0.109663 0.160687 0.313575 0.160065 0.161316 0.161001 0.161001 -0.0331385 0.311854 -0.109663 -0.109663 -0.142909 -0.109663 0.161316 0.161001 -0.109663 0.161001 0.311854 -0.109663 -0.109663 0.161943 0.54655 -0.109663 -0.109663 0.311854 -0.0314924 0.161316 0.161316 0.161316 -0.110401 -0.0179685 0.550038 0.161743 0.54655 -0.110401 0.162257 0.163204 0.213538 0.163518 0.163833 0.163833 0.16447 0.163518 0.163518 0.164801 -0.0600498 0.550038 -0.0284756 -0.0272472 -0.109663
0.0691731 0.272085 0.273744 0.0632753 0.0627706 -0.0156485 -0.100348 0.0691659 0.0627706 -0.100348 0.0627706 0.06227 -0.100348 0.0627706 0.0479826 0.0627706 0.444277 1 -0.100348 0.0686908 -0.0841551 -0.0139682 0.0690074 -0.017177 0.0686908 0.0627706 0.0690074 0.0123202 -0.100348 -0.100348 0.273744 0.0694314 0.0632753 0.273744 -0.0276712 0.0630303 -0.0465012 0.19316 0.0691156 0.0710317 -0.0261683 0.0708743 0.054539700000000003 -0.0223583 0.0674779 -0.0192634 0.0742865 0.0741301 0.0742865 0.0745999 -0.0962845 0.194434 0.0742865 0.0728067 -0.0962845 0.0741301 0.194434 0.0738432 0.074443 0.0742865 0.0742865 -0.0158751 0.193582 -0.0962845 -0.0962845 -0.0798447 -0.0962845 0.074443 0.0742865 -0.0962845 0.0742865 0.193582 -0.0962845 -0.0962845 0.0747323 0.277137 -0.0962845 -0.0962845 0.193582 -0.0150866 0.074443 0.074443 0.074443 -0.0966524 -0.0257215 0.278873 0.0690074 0.277137 -0.0966524 0.0748885 0.0753366 0.0696732 0.0754928 0.0756493 0.0756493 0.0759431 0.0754928 0.0754928 0.076085 0.012789 0.278873 -0.0291652 -0.0130529 -0.0962845
0.866017 -0.214087 -0.21792 0.822056 0.825609 0.149713 1 0.629038 0.825609 1 0.825609 0.824847 1 0.825609 -0.0874188 0.825609 -0.119614 -0.100348 1 0.625433 0.746217 -0.0680785 0.627834 -0.123091 0.625433 0.825609 0.627834 -0.248729 1 1 -0.21792 0.623095 0.822056 -0.21792 0.226678 0.820348 0.416808 -0.346105 0.620665 0.61553 -0.0442292 0.601697 0.530276 -0.0935954 0.582028 -0.0894709 0.575523 0.574139 0.575523 0.578294 0.957623 -0.347365 0.575523 0.588458 0.957623 0.574139 -0.347365 0.576105 0.576908 0.575523 0.575523 0.177353 -0.353212 0.957623 0.957623 0.696377 0.957623 0.576908 0.575523 0.957623 0.575523 -0.353212 0.957623 0.957623 0.574945 -0.210641 0.957623 0.957623 -0.353212 -0.031088 0.576908 0.576908 0.576908 0.955155 -0.0748255 -0.214537 0.54857 -0.203106 0.95054 0.576336 0.579973 0.786401 0.581363 0.582754 0.582754 0.585017 0.581363 0.581363 0.577467 -0.251615 -0.206969 -0.11636 0.0966688 0.957623
0.671609 0.27922400000000003 0.280725 0.755954 0.757457 0.108899 0.625433 0.994292 0.757457 0.625433 0.757457 0.758965 0.625433 0.757457 -0.175917 0.757457 0.173004 0.0686908 0.625433 1 0.844028 -0.0756445 0.996174 -0.174775 1 0.757457 0.996174 0.388636 0.625433 0.625433 0.280725 0.994253 0.755954 0.280725 0.134033 0.752584 0.2286 0.506376 0.994196 0.977081 0.21655 0.97891 0.856177 -0.199117 0.945558 -0.143031 0.958656 0.960383 0.958656 0.955257 0.592557 0.50293 0.958656 0.966029 0.592557 0.956503 0.50293 0.956665 0.956947 0.958656 0.958656 0.0903277 0.502135 0.592557 0.592557 0.805887 0.592557 0.956947 0.958656 0.592557 0.958656 0.502135 0.592557 0.592557 0.956786 0.269893 0.592557 0.592557 0.502135 -0.114339 0.956947 0.956947 0.953083 0.592535 -0.180101 0.264425 0.923028 0.269893 0.592535 0.95121 0.953219 0.719191 0.951537 0.949872 0.949872 0.949682 0.951537 0.951537 0.947296 0.383983 0.264425 -0.198926 0.0624361 0.592557
0.610574 -0.262311 -0.264162 0.554641 0.557376 0.120906 0.746217 0.845038 0.557376 0.746217 0.557376 0.560104 0.746217 0.557376 -0.175169 0.557376 -0.152153 -0.0841551 0.746217 0.844028 1 -0.0680424 0.84724 -0.155803 0.844028 0.557376 0.84724 0.453636 0.746217 0.746217 -0.264162 0.844454 0.554641 -0.264162 0.178939 0.551735 0.309278 0.195298 0.841219 0.839415 0.23271 0.826232 0.726659 -0.165245 0.792459 -0.101926 0.806724 0.804931 0.806724 0.810316 0.712232 0.198515 0.806724 0.817084 0.712232 0.804931 0.198515 0.805651 0.808519 0.806724 0.806724 0.122657 0.190238 0.712232 0.712232 0.953049 0.712232 0.808519 0.806724 0.712232 0.806724 0.190238 0.712232 0.712232 0.803959 -0.267943 0.712232 0.712232 0.190238 -0.0821292 0.808519 0.808519 0.804683 0.708723 -0.160013 -0.276807 0.770815 -0.261041 0.704495 0.801923 0.803012 0.52022 0.804833 0.806656 0.806656 0.809789 0.804833 0.804833 0.795655 0.448216 -0.269875 -0.14732 0.0891058 0.712232
-0.0437396 -0.0132258 -0.0126514 -0.0719508 -0.0720975 -0.0181059 -0.0680785 -0.074117 -0.0720975 -0.0680785 -0.0720975 -0.0722446 -0.0680785 -0.0720975 -0.0309385 -0.0720975 0.0387422 -0.0139682 -0.0680785 -0.0756445 -0.0680424 1 -0.0746231 -0.0198743 -0.0756445 -0.0720975 -0.0746231 -0.00734209 -0.0680785 -0.0680785 -0.0126514 -0.0744015 -0.0719508 -0.0126514 -0.0320164 -0.0723957 -0.0125486 -0.0153532 -0.0754232 -0.0727266 -0.030277600000000002 -0.0732303 -0.0951506 -0.0258692 -0.0784742 -0.0222884 -0.0694056 -0.0698988 -0.0694056 -0.0684274 -0.062592 -0.0141 -0.0694056 -0.0705661 -0.062592 -0.0698988 -0.0141 -0.0696282 -0.068915100000000007 -0.0694056 -0.0694056 -0.018368 -0.0149356 -0.062592 -0.062592 -0.0627472 -0.062592 -0.068915100000000007 -0.0694056 -0.062592 -0.0694056 -0.0149356 -0.062592 -0.062592 -0.0691829 -0.0114897 -0.062592 -0.062592 -0.0149356 -0.0174556 -0.068915100000000007 -0.068915100000000007 -0.068915100000000007 -0.0630014 -0.0297606 -0.0109023 -0.0746231 -0.0114897 -0.0630014 -0.0465007 -0.0684692 -0.0660784 -0.0679811 -0.0674956 -0.0674956 -0.067757800000000007 -0.0679811 -0.0679811 -0.0685143 -0.00683945 -0.0109023 -0.0337451 0.120551 -0.062592
0.674704 0.280328 0.28180500000000003 0.758872 0.760367 0.109226 0.627834 0.998093 0.760367 0.627834 0.760367 0.761865 0.627834 0.760367 -0.17383 0.760367 0.173539 0.0690074 0.627834 0.996174 0.84724 -0.0746231 1 -0.173174 0.996174 0.760367 1 0.390127 0.627834 0.627834 0.28180500000000003 0.998085 0.758872 0.28180500000000003 0.134857 0.755539 0.229971 0.508362 0.994237 0.980919 0.21695 0.978919 0.853748 -0.197153 0.942059 -0.141459 0.962441 0.960328 0.962441 0.958994 0.594892 0.504879 0.95473 0.965975 0.594892 0.952602 0.504879 0.952763 0.956861 0.95473 0.95473 0.0907439 0.494898 0.594892 0.594892 0.801347 0.594892 0.956861 0.95473 0.594892 0.95473 0.494898 0.594892 0.594892 0.952852 0.270983 0.594892 0.594892 0.494898 -0.113098 0.956861 0.956861 0.953013 0.590648 -0.178048 0.26552 0.919495 0.270983 0.586407 0.947284 0.94927 0.718018 0.951434 0.953601 0.953601 0.94958 0.951434 0.951434 0.943357 0.385478 0.26552 -0.19662 0.0628283 0.594892
-0.148918 -0.0323998 -0.0317596 -0.135456 -0.135495 0.0710631 -0.123091 -0.172381 -0.135495 -0.123091 -0.135495 -0.135536 -0.123091 -0.135495 -0.0380458 -0.135495 -0.0358561 -0.017177 -0.123091 -0.174775 -0.155803 -0.0198743 -0.173174 1 -0.174775 -0.135495 -0.173174 -0.0621452 -0.123091 -0.123091 -0.0317596 -0.173043 -0.135456 -0.0317596 -0.0393713 -0.136055 -0.0661632 -0.0732715 -0.174645 -0.171076 -0.037233 -0.171865 -0.200413 -0.031812 -0.179006 -0.0274085 -0.167227 -0.167998 -0.167227 -0.165699 -0.116988 -0.0717809 -0.167227 -0.168363 -0.116988 -0.167998 -0.0717809 -0.167348 -0.166461 -0.167227 -0.167227 -0.0225876 -0.0727742 -0.116988 -0.116988 -0.150049 -0.116988 -0.166461 -0.167227 -0.116988 -0.167227 -0.0727742 -0.116988 -0.116988 -0.167107 -0.0304671 -0.116988 -0.116988 -0.0727742 -0.0214656 -0.166461 -0.166461 -0.166461 -0.117505 -0.0365973 -0.0298146 -0.173174 -0.0304671 -0.117505 -0.166341 -0.166222 -0.128729 -0.16546 -0.164703 -0.164703 -0.165342 -0.16546 -0.16546 -0.166758 -0.0616251 -0.0298146 -0.0414971 -0.018572 -0.116988
0.671609 0.27922400000000003 0.280725 0.755954 0.757457 0.108899 0.625433 0.994292 0.757457 0.625433 0.757457 0.758965 0.625433 0.757457 -0.175917 0.757457 0.173004 0.0686908 0.625433 1 0.844028 -0.0756445 0.996174 -0.174775 1 0.757457 0.996174 0.388636 0.625433 0.625433 0.280725 0.994253 0.755954 0.280725 0.134033 0.752584 0.2286 0.506376 0.994196 0.977081 0.21655 0.97891 0.856177 -0.199117 0.945558 -0.143031 0.958656 0.960383 0.958656 0.955257 0.592557 0.50293 0.958656 0.966029 0.592557 0.956503 0.50293 0.956665 0.956947 0.958656 0.958656 0.0903277 0.502135 0.592557 0.592557 0.805887 0.592557 0.956947 0.958656 0.592557 0.958656 0.502135 0.592557 0.592557 0.956786 0.269893 0.592557 0.592557 0.502135 -0.114339 0.956947 0.956947 0.953083 0.592535 -0.180101 0.264425 0.923028 0.269893 0.592535 0.95121 0.953219 0.719191 0.951537 0.949872 0.949872 0.949682 0.951537 0.951537 0.947296 0.383983 0.264425 -0.198926 0.0624361 0.592557
0.894853 0.370885 0.370765 0.997947 1 0.129152 0.825609 0.761826 1 0.825609 1 0.997959 0.825609 1 -0.0826076 1 0.222646 0.0627706 0.825609 0.757457 0.557376 -0.0720975 0.760367 -0.135495 0.757457 1 0.760367 -0.301389 0.825609 0.825609 0.370765 0.756798 0.997947 0.370765 0.16802 0.99588 0.318475 0.00424279 0.753862 0.733164 -0.0605477 0.731617 0.636628 -0.122719 0.709639 -0.126741 0.71009 0.70844 0.71009 0.705443 0.782369 -0.0038382 0.702105 0.715218 0.782369 0.700438 -0.0038382 0.701712 0.703773 0.702105 0.702105 0.134485 -0.0111846 0.782369 0.782369 0.499568 0.782369 0.703773 0.702105 0.782369 0.702105 -0.0111846 0.782369 0.782369 0.702507 0.3634 0.782369 0.782369 -0.0111846 -0.062164 0.703773 0.703773 0.703773 0.779253 -0.0906837 0.356093 0.67303 0.3634 0.77486 0.696195 0.700597 0.9495 0.702285 0.703974 0.703974 0.698709 0.702285 0.702285 0.699747 -0.303291 0.356093 -0.162807 0.0638009 0.782369
0.674704 0.280328 0.28180500000000003 0.758872 0.760367 0.109226 0.627834 0.998093 0.760367 0.627834 0.760367 0.761865 0.627834 0.760367 -0.17383 0.760367 0.173539 0.0690074 0.627834 0.996174 0.84724 -0.0746231 1 -0.173174 0.996174 0.760367 1 0.390127 0.627834 0.627834 0.28180500000000003 0.998085 0.758872 0.28180500000000003 0.134857 0.755539 0.229971 0.508362 0.994237 0.980919 0.21695 0.978919 0.853748 -0.197153 0.942059 -0.141459 0.962441 0.960328 0.962441 0.958994 0.594892 0.504879 0.95473 0.965975 0.594892 0.952602 0.504879 0.952763 0.956861 0.95473 0.95473 0.0907439 0.494898 0.594892 0.594892 0.801347 0.594892 0.956861 0.95473 0.594892 0.95473 0.494898 0.594892 0.594892 0.952852 0.270983 0.594892 0.594892 0.494898 -0.113098 0.956861 0.956861 0.953013 0.590648 -0.178048 0.26552 0.919495 0.270983 0.586407 0.947284 0.94927 0.718018 0.951434 0.953601 0.953601 0.94958 0.951434 0.951434 0.943357 0.385478 0.26552 -0.19662 0.0628283 0.594892
-0.278085 -0.114247 -0.11191 -0.300673 -0.301389 -0.0227424 -0.248729 0.385259 -0.301389 -0.248729 -0.301389 -0.296296 -0.248729 -0.301389 -0.138085 -0.301389 -0.0608688 0.0123202 -0.248729 0.388636 0.453636 -0.00734209 0.390127 -0.0621452 0.388636 -0.301389 0.390127 1 -0.248729 -0.248729 -0.11191 0.392376 -0.300673 -0.11191 -0.0402151 -0.302636 -0.113876 0.740295 0.390888 0.400679 0.404334 0.399936 0.350839 -0.11546 0.37698 -0.0279959 0.406263 0.405501 0.406263 0.407792 -0.23579 0.746638 0.406263 0.404181 -0.23579 0.405501 0.746638 0.403931 0.407026 0.406263 0.406263 -0.0574351 0.7424 -0.23579 -0.23579 0.468215 -0.23579 0.407026 0.406263 -0.23579 0.406263 0.7424 -0.23579 -0.23579 0.402937 -0.117356 -0.23579 -0.23579 0.7424 -0.0779083 0.407026 0.407026 0.401377 -0.237603 -0.132828 -0.115016 0.395755 -0.117356 -0.237603 0.40371 0.400385 -0.291969 0.40117 0.401956 0.401956 0.403517 0.40117 0.40117 0.392909 0.995871 -0.115016 -0.0578472 0.00178832 -0.23579
0.866017 -0.214087 -0.21792 0.822056 0.825609 0.149713 1 0.629038 0.825609 1 0.825609 0.824847 1 0.825609 -0.0874188 0.825609 -0.119614 -0.100348 1 0.625433 0.746217 -0.0680785 0.627834 -0.123091 0.625433 0.825609 0.627834 -0.248729 1 1 -0.21792 0.623095 0.822056 -0.21792 0.226678 0.820348 0.416808 -0.346105 0.620665 0.61553 -0.0442292 0.601697 0.530276 -0.0935954 0.582028 -0.0894709 0.575523 0.574139 0.575523 0.578294 0.957623 -0.347365 0.575523 0.588458 0.957623 0.574139 -0.347365 0.576105 0.576908 0.575523 0.575523 0.177353 -0.353212 0.957623 0.957623 0.696377 0.957623 0.576908 0.575523 0.957623 0.575523 -0.353212 0.957623 0.957623 0.574945 -0.210641 0.957623 0.957623 -0.353212 -0.031088 0.576908 0.576908 0.576908 0.955155 -0.0748255 -0.214537 0.54857 -0.203106 0.95054 0.576336 0.579973 0.786401 0.581363 0.582754 0.582754 0.585017 0.581363 0.581363 0.577467 -0.251615 -0.206969 -0.11636 0.0966688 0.957623
0.866017 -0.214087 -0.21792 0.822056 0.825609 0.149713 1 0.629038 0.825609 1 0.825609 0.824847 1 0.825609 -0.0874188 0.825609 -0.119614 -0.100348 1 0.625433 0.746217 -0.0680785 0.627834 -0.123091 0.625433 0.825609 0.627834 -0.248729 1 1 -0.21792 0.623095 0.822056 -0.21792 0.226678 0.820348 0.416808 -0.346105 0.620665 0.61553 -0.0442292 0.601697 0.530276 -0.0935954 0.582028 -0.0894709 0.575523 0.574139 0.575523 0.578294 0.957623 -0.347365 0.575523 0.588458 0.957623 0.574139 -0.347365 0.576105 0.576908 0.575523 0.575523 0.177353 -0.353212 0.957623 0.957623 0.696377 0.957623 0.576908 0.575523 0.957623 0.575523 -0.353212 0.957623 0.957623 0.574945 -0.210641 0.957623 0.957623 -0.353212 -0.031088 0.576908 0.576908 0.576908 0.955155 -0.0748255 -0.214537 0.54857 -0.203106 0.95054 0.576336 0.579973 0.786401 0.581363 0.582754 0.582754 0.585017 0.581363 0.581363 0.577467 -0.251615 -0.206969 -0.11636 0.0966688 0.957623
0.122382 0.993896 1 0.373062 0.370765 -0.0230295 -0.21792 0.282347 0.370765 -0.21792 0.370765 0.368488 -0.21792 0.370765 0.00100285 0.370765 0.58199 0.273744 -0.21792 0.280725 -0.264162 -0.0126514 0.28180500000000003 -0.0317596 0.280725 0.370765 0.28180500000000003 -0.11191 -0.21792 -0.21792 1 0.283431 0.373062 1 -0.0824833 0.372299 -0.135189 0.577017 0.282353 0.255004 -0.031929 0.275097 0.228352 -0.0582109 0.269457 -0.0719571 0.280945 0.280368 0.280945 0.268344 -0.222961 0.565112 0.267132 0.268523 -0.222961 0.266527 0.565112 0.265496 0.267738 0.267132 0.267132 -0.0593004 0.562031 -0.222961 -0.222961 -0.282116 -0.222961 0.267738 0.267132 -0.222961 0.267132 0.562031 -0.222961 -0.222961 0.268778 0.975279 -0.222961 -0.222961 0.562031 -0.0563547 0.267738 0.267738 0.267738 -0.224289 -0.0336944 0.969052 0.261205 0.962876 -0.224289 0.255571 0.257199 0.34795 0.257831 0.258462 0.258462 0.24563 0.257831 0.257831 0.259853 -0.11045 0.956596 -0.0900809 -0.048758 -0.222961
0.670773 0.281961 0.283431 0.755278 0.756798 0.0899985 0.623095 0.996175 0.756798 0.623095 0.756798 0.758321 0.623095 0.756798 -0.17346 0.756798 0.174476 0.0694314 0.623095 0.994253 0.844454 -0.0744015 0.998085 -0.173043 0.994253 0.756798 0.998085 0.392376 0.623095 0.623095 0.283431 1 0.759266 0.283431 0.135788 0.755935 0.231542 0.511314 0.996161 0.982765 0.217987 0.98077 0.85583 -0.196934 0.943948 -0.141221 0.964179 0.962071 0.964179 0.960711 0.594105 0.507799 0.956455 0.967749 0.594105 0.954331 0.507799 0.954492 0.958581 0.956455 0.956455 0.0913016 0.497818 0.594105 0.594105 0.802174 0.594105 0.958581 0.956455 0.594105 0.956455 0.497818 0.594105 0.594105 0.954566 0.272572 0.594105 0.594105 0.497818 -0.112915 0.958581 0.958581 0.954727 0.589861 -0.177711 0.267091 0.921281 0.272572 0.585612 0.948981 0.950962 0.718187 0.953122 0.955285 0.955285 0.951257 0.953122 0.953122 0.945031 0.38771 0.267091 -0.196229 0.0632663 0.594105
0.892261 0.373191 0.373062 0.995864 0.997947 0.109408 0.822056 0.760336 0.997947 0.822056 0.997947 0.995923 0.822056 0.997947 -0.0821594 0.997947 0.223977 0.0632753 0.822056 0.755954 0.554641 -0.0719508 0.758872 -0.135456 0.755954 0.997947 0.758872 -0.300673 0.822056 0.822056 0.373062 0.759266 1 0.373062 0.169249 0.997934 0.320651 0.0063977 0.756338 0.735522 -0.0600477 0.733978 0.639168 -0.122506 0.712039 -0.126622 0.7123 0.710652 0.7123 0.707622 0.782842 -0.00173432 0.70429 0.717474 0.782842 0.702626 -0.00173432 0.703904 0.705955 0.70429 0.70429 0.135305 -0.00908515 0.782842 0.782842 0.500487 0.782842 0.705955 0.70429 0.782842 0.70429 -0.00908515 0.782842 0.782842 0.704685 0.365656 0.782842 0.782842 -0.00908515 -0.0619581 0.705955 0.705955 0.705955 0.779724 -0.0902864 0.358318 0.675253 0.365656 0.775318 0.698347 0.702753 0.951247 0.704438 0.706125 0.706125 0.700844 0.704438 0.704438 0.701893 -0.302589 0.358318 -0.162538 0.0643343 0.782842
0.122382 0.993896 1 0.373062 0.370765 -0.0230295 -0.21792 0.282347 0.370765 -0.21792 0.370765 0.368488 -0.21792 0.370765 0.00100285 0.370765 0.58199 0.273744 -0.21792 0.280725 -0.264162 -0.0126514 0.28180500000000003 -0.0317596 0.280725 0.370765 0.28180500000000003 -0.11191 -0.21792 -0.21792 1 0.283431 0.373062 1 -0.0824833 0.372299 -0.135189 0.577017 0.282353 0.255004 -0.031929 0.275097 0.228352 -0.0582109 0.269457 -0.0719571 0.280945 0.280368 0.280945 0.268344 -0.222961 0.565112 0.267132 0.268523 -0.222961 0.266527 0.565112 0.265496 0.267738 0.267132 0.267132 -0.0593004 0.562031 -0.222961 -0.222961 -0.282116 -0.222961 0.267738 0.267132 -0.222961 0.267132 0.562031 -0.222961 -0.222961 0.268778 0.975279 -0.222961 -0.222961 0.562031 -0.0563547 0.267738 0.267738 0.267738 -0.224289 -0.0336944 0.969052 0.261205 0.962876 -0.224289 0.255571 0.257199 0.34795 0.257831 0.258462 0.258462 0.24563 0.257831 0.257831 0.259853 -0.11045 0.956596 -0.0900809 -0.048758 -0.222961
0.170811 -0.0833868 -0.0824833 0.169249 0.16802 -0.035868 0.226678 0.135269 0.16802 0.226678 0.16802 0.1668 0.226678 0.16802 -0.0270355 0.16802 -0.0577622 -0.0276712 0.226678 0.134033 0.178939 -0.0320164 0.134857 -0.0393713 0.134033 0.16802 0.134857 -0.0402151 0.226678 0.226678 -0.0824833 0.135788 0.169249 -0.0824833 1 0.168715 -0.0847915 -0.0899974 0.134965 0.13943 0.0517608 0.127305 0.12501 -0.00828499 0.131037 0.00520031 0.11165 0.111174 0.11165 0.1126 0.204776 -0.0875701 0.11165 0.120149 0.204776 0.111174 -0.0875701 0.110743 0.112125 0.11165 0.11165 -0.0363873 -0.0891878 0.204776 0.204776 0.157497 0.204776 0.112125 0.11165 0.204776 0.11165 -0.0891878 0.204776 0.204776 0.112561 -0.0806641 0.204776 0.204776 -0.0891878 0.0181282 0.112125 0.112125 0.112125 0.204075 -0.0589561 -0.0797481 0.0998855 -0.0806641 0.204075 0.113036 0.113952 0.147462 0.114426 0.114899 0.114899 0.115345 0.114426 0.114426 0.115323 -0.0392667 -0.0797481 -0.00280131 -0.0299184 0.204776
0.89017 0.372419 0.372299 0.993794 0.99588 0.109121 0.820348 0.757021 0.99588 0.820348 0.99588 0.993856 0.820348 0.99588 -0.0829493 0.99588 0.223567 0.0630303 0.820348 0.752584 0.551735 -0.0723957 0.755539 -0.136055 0.752584 0.99588 0.755539 -0.302636 0.820348 0.820348 0.372299 0.755935 0.997934 0.372299 0.168715 1 0.319793 0.00905442 0.75698 0.736197 -0.0607982 0.734643 0.643346 -0.123227 0.712574 -0.110389 0.713028 0.71137 0.713028 0.708361 0.781196 9.44441e-4 0.705009 0.718176 0.781196 0.703336 9.44441e-4 0.704615 0.706684 0.705009 0.705009 0.135041 -0.00643532 0.781196 0.781196 0.497619 0.781196 0.706684 0.705009 0.781196 0.705009 -0.00643532 0.781196 0.781196 0.705413 0.372103 0.781196 0.781196 -0.00643532 -0.0624212 0.706684 0.706684 0.706684 0.778066 -0.0910588 0.364797 0.675814 0.372103 0.773655 0.699075 0.703495 0.953428 0.70519 0.706886 0.706886 0.701599 0.70519 0.70519 0.702641 -0.304546 0.364797 -0.15253 0.0640648 0.781196
0.351871 -0.136722 -0.135189 0.320651 0.318475 -0.0602758 0.416808 0.230656 0.318475 0.416808 0.318475 0.323718 0.416808 0.318475 -0.0608769 0.318475 -0.0970689 -0.0465012 0.416808 0.2286 0.309278 -0.0125486 0.229971 -0.0661632 0.2286 0.318475 0.229971 -0.113876 0.416808 0.416808 -0.135189 0.231542 0.320651 -0.135189 -0.0847915 0.319793 1 -0.178247 0.230173 0.22329 0.0366036 0.215376 0.202736 -0.00687916 0.20907 -0.0135128 0.228474 0.227756 0.228474 0.229909 0.421807 -0.182821 0.228474 0.222979 0.421807 0.227756 -0.182821 0.234069 0.229192 0.228474 0.228474 0.376461 -0.185517 0.421807 0.421807 0.303656 0.421807 0.229192 0.228474 0.421807 0.228474 -0.185517 0.421807 0.421807 0.230082 -0.132103 0.421807 0.421807 -0.185517 -0.0257055 0.229192 0.229192 0.236386 0.420656 0.0311552 -0.14355 0.222804 -0.119158 0.412726 0.230799 0.232415 0.323538 0.233131 0.233847 0.233847 0.234755 0.233131 0.233131 0.227696 -0.112368 -0.130549 -0.0138957 0.302191 0.421807
-0.143074 0.570982 0.577017 0.0063977 0.00424279 -0.0350387 -0.346105 0.504757 0.00424279 -0.346105 0.00424279 0.00686094 -0.346105 0.00424279 -0.114062 0.00424279 0.339373 0.19316 -0.346105 0.506376 0.195298 -0.0153532 0.508362 -0.0732715 0.506376 0.00424279 0.508362 0.740295 -0.346105 -0.346105 0.577017 0.511314 0.0063977 0.577017 -0.0899974 0.00905442 -0.178247 1 0.513971 0.503744 0.308211 0.516617 0.448747 -0.13502 0.493819 -0.0528924 0.525932 0.524911 0.525932 0.518743 -0.338481 0.991725 0.516658 0.515798 -0.338481 0.515619 0.991725 0.513623 0.5177 0.516658 0.516658 -0.0878257 0.98614 -0.338481 -0.338481 0.195511 -0.338481 0.5177 0.516658 -0.338481 0.516658 0.98614 -0.338481 -0.338481 0.515065 0.564328 -0.338481 -0.338481 0.98614 -0.102572 0.5177 0.5177 0.513072 -0.340876 -0.13299 0.562121 0.503752 0.556001 -0.340876 0.506841 0.505237 0.00187604 0.506314 0.507391 0.507391 0.500072 0.506314 0.506314 0.50094 0.737913 0.553758 -0.0969677 -0.0320609 -0.338481
0.667651 0.280859 0.282353 0.752333 0.753862 0.0895891 0.620665 0.992351 0.753862 0.620665 0.753862 0.755394 0.620665 0.753862 -0.175548 0.753862 0.173942 0.0691156 0.620665 0.994196 0.841219 -0.0754232 0.994237 -0.174645 0.994196 0.753862 0.994237 0.390888 0.620665 0.620665 0.282353 0.996161 0.756338 0.282353 0.134965 0.75698 0.230173 0.513971 1 0.982789 0.217588 0.980761 0.862216 -0.198899 0.947453 -0.126466 0.964266 0.962125 0.964266 0.96083 0.591757 0.510497 0.960387 0.971669 0.591757 0.958239 0.510497 0.958401 0.962539 0.960387 0.960387 0.0908863 0.505076 0.591757 0.591757 0.802835 0.591757 0.962539 0.960387 0.591757 0.960387 0.505076 0.591757 0.591757 0.958506 0.27845 0.591757 0.591757 0.505076 -0.114157 0.962539 0.962539 0.958668 0.587477 -0.179765 0.272994 0.92482 0.27845 0.587477 0.952913 0.954918 0.719357 0.953225 0.95542 0.95542 0.951359 0.953225 0.953225 0.948977 0.386219 0.272994 -0.187941 0.0628748 0.591757
0.645976 0.253718 0.255004 0.731529 0.733164 0.0920728 0.61553 0.979007 0.733164 0.61553 0.733164 0.734802 0.61553 0.733164 -0.181586 0.733164 0.17785 0.0710317 0.61553 0.977081 0.839415 -0.0727266 0.980919 -0.171076 0.977081 0.733164 0.980919 0.400679 0.61553 0.61553 0.255004 0.982765 0.735522 0.255004 0.13943 0.736197 0.22329 0.503744 0.982789 1 0.221533 0.978756 0.859782 -0.194342 0.942368 -0.122678 0.961721 0.959641 0.961721 0.958186 0.59841 0.50008 0.953987 0.965461 0.59841 0.951892 0.50008 0.952067 0.956085 0.953987 0.953987 0.0934059 0.490184 0.59841 0.59841 0.811859 0.59841 0.956085 0.953987 0.59841 0.953987 0.490184 0.59841 0.59841 0.952051 0.250697 0.59841 0.59841 0.490184 -0.111144 0.956085 0.956085 0.952226 0.594205 -0.174673 0.25202 0.91556 0.250697 0.589951 0.946428 0.948366 0.709556 0.950498 0.952632 0.952632 0.948585 0.950498 0.950498 0.942368 0.395966 0.25202 -0.182217 0.0649831 0.59841
-0.0497368 -0.0329715 -0.031929 -0.0600477 -0.0605477 -0.0339199 -0.0442292 0.217153 -0.0605477 -0.0442292 -0.0605477 -0.0483991 -0.0442292 -0.0605477 -0.0579609 -0.0605477 -0.0169345 -0.0261683 -0.0442292 0.21655 0.23271 -0.030277600000000002 0.21695 -0.037233 0.21655 -0.0605477 0.21695 0.404334 -0.0442292 -0.0442292 -0.031929 0.217987 -0.0600477 -0.031929 0.0517608 -0.0607982 0.0366036 0.308211 0.217588 0.221533 1 0.221332 0.199791 -0.0484641 0.214543 -0.0417555 0.228782 0.228579 0.228782 0.229193 -0.0325895 0.310872 0.228782 0.225334 -0.0325895 0.228579 0.310872 0.227694 0.228986 0.228782 0.228782 -0.0344111 0.309094 -0.0325895 -0.0325895 0.246412 -0.0325895 0.228986 0.228782 -0.0325895 0.228782 0.309094 -0.0325895 -0.0325895 0.229876 -0.0298218 -0.0325895 -0.0325895 0.309094 -0.0327018 0.228986 0.228986 0.228986 -0.0333278 -0.0557542 -0.0287568 0.21695 -0.0298218 -0.0333278 0.217761 0.218838 -0.0482583 0.219067 0.219297 0.219297 0.220149 0.219067 0.219067 0.220785 0.388031 -0.0287568 -0.029569 0.0470061 -0.0325895
