1 0.845882 -0.0473441 -0.0465246 0.784686 -0.12042 0.203472 -0.0465246 -0.0419529 -0.0465246 0.784686 -0.276737 -0.113744 0.784686 -0.0370217 1 -0.0141261 0.307551 -0.0141261 -0.105306 0.845882 0.784686 -0.0465246 0.840992 -0.263919 -0.0141261 0.170887 -0.0141261 0.141474 0.0205295 0.784686 -0.00448507 0.357551 0.298379 0.0875835 0.784686 0.0411822 0.78529 0.846659 -0.40918 0.84888 0.226986 -0.0465246 -0.172033 -0.0465246 -0.0465246 -0.272806 -0.0842694 0.320168 -0.0141261 -0.0141261 -0.0658613 -0.0465246 -0.121905 -0.271788 0.789623 -0.0658613 0.215473 0.170887 0.320168 -0.271788 0.789623 -0.0465246 -0.0767974 -0.271788 -0.0870212 0.357551 -0.0141261 0.84888 0.789623 -0.0465246 -0.0183997 -0.270851 0.789623 0.106305 0.84888 0.629079 0.117412 0.311407 0.0801403 0.320168 0.303421 0.229973 0.828923 -0.0260731 0.190644 -0.0260731 0.763174 -0.0465246 0.311407 0.117412 0.762181 0.0875835 0.828923 -0.262821 -0.072841 0.311407 0.0370217 0.0159816 -0.263795 0.311407 0.838108 -0.262821 -0.0260731 0.620552 0.838108 0.107148 0.759585 -0.0465246 0.0865248 -0.0319971 -0.0141261 0.82389 0.115762 -0.0592591 -0.24773 0.923604 0.0319971 0.739374 0.0577912 -0.0731045 0.920922 0.289854 0.815691
0.845882 1 -0.0527187 -0.0399532 0.658809 -0.0879068 0.263692 -0.0399532 -0.0285467 -0.0399532 0.658809 -0.231358 -0.11901 0.658809 -0.0133766 0.845882 -0.0580349 -0.17552 -0.0580349 -0.0803119 0.995038 0.658809 -0.0399532 0.982815 -0.221599 -0.0580349 -0.0694224 -0.0580349 -0.129841 0.0305607 0.658809 0.0173705 -0.191319 0.234867 0.101074 0.658809 0.0613048 0.658454 0.995045 -0.361904 0.997525 0.300937 -0.0399532 -0.13127 -0.0399532 -0.0399532 -0.227962 -0.0599879 -0.181311 -0.0580349 -0.0580349 -0.0565587 -0.0399532 -0.113276 -0.226999 0.663011 -0.0565587 -0.092628 -0.0694224 -0.181311 -0.226999 0.663011 -0.0399532 -0.0546689 -0.226999 -0.0983559 -0.191319 -0.0580349 0.997525 0.663011 -0.0399532 -0.00664812 -0.227513 0.663011 -0.0580349 0.992564 0.73863 -0.0548679 -0.185449 0.108156 -0.181311 -0.184058 0.192223 0.970427 -0.0801462 0.222653 -0.0801462 0.638817 -0.0399532 -0.185449 -0.0548679 0.639687 -0.0399532 0.970427 -0.215343 -0.0527187 -0.185449 0.0133766 0.0369485 -0.220092 -0.185449 0.92688 -0.215343 -0.0801462 0.73283 0.92688 0.116116 0.641138 -0.0399532 -0.074539 -0.0115611 0.00528735 0.963165 -0.0461464 -0.0535604 -0.200014 0.773203 0.0115611 0.626319 -0.0606236 -0.0734378 0.773741 -0.184825 0.913726
-0.0473441 -0.0527187 1 -0.0053022 0.0887235 0.15984 -0.0293845 -0.0053022 -0.00920203 -0.0053022 0.0887235 0.217414 -0.0202645 0.0887235 -0.0151026 -0.0473441 -0.0119036 -0.0405816 -0.0119036 -0.0179821 -0.0527187 0.0887235 -0.0053022 -0.0544113 0.223697 -0.0119036 0.0982745 -0.0119036 -0.0195291 -0.0053022 0.0887235 0.143271 0.00451908 0.0425704 -0.0053022 0.0887235 -0.0106362 0.0892844 -0.0521985 -0.0117648 -0.0523285 -0.0367814 -0.0053022 -0.0355431 -0.0053022 -0.0053022 0.218641 -0.0169194 -0.0395887 -0.0119036 -0.0119036 -0.00750593 -0.0053022 -0.020101 0.222277 0.0892844 -0.00750593 -0.0247967 0.0982745 -0.0395887 0.222277 0.0892844 -0.0053022 -0.0154192 0.222277 -0.0130529 0.00451908 -0.0119036 -0.0523285 0.0892844 -0.0053022 -0.00750593 0.224864 0.0892844 -0.0119036 -0.0523285 0.12976 0.171879 -0.0400227 -0.0141129 -0.0395887 -0.0408826 0.0520469 -0.0516836 -0.0106362 -0.022347 -0.0106362 0.111597 -0.0053022 -0.0400227 0.171879 0.110396 -0.0053022 -0.0516836 0.218512 -0.0141129 -0.0400227 0.0151026 -0.0119036 0.224864 -0.0400227 -0.00529253 0.218512 -0.0106362 0.130107 -0.00529253 -0.0160349 0.110545 -0.0053022 0.146684 -0.0130529 -0.0119036 -0.0505261 0.178723 -0.0241741 0.21279 -0.0273651 0.0130529 0.106593 0.136484 0.240014 -0.0271095 -0.0405816 -0.00596878
-0.0465246 -0.0399532 -0.0053022 1 0.00565034 -0.00859832 -0.0110397 1 -0.00345719 1 0.00565034 0.0816823 -0.00761336 0.00565034 -0.00567402 -0.0465246 -0.00447217 -0.0152465 -0.00447217 -0.00675587 -0.0399532 0.00565034 1 -0.0405252 -0.0205946 -0.00447217 -0.00667363 -0.00447217 -0.00733705 -0.00199203 0.00565034 -0.00490394 -0.0160938 0.0282013 -0.00199203 0.00565034 -0.00399602 0.00579297 -0.0398453 -0.0357338 -0.0398 -0.0138187 1 -0.0133535 1 1 -0.0211519 -0.0063566 -0.0148734 -0.00447217 -0.00447217 -0.00281997 1 -0.00755193 -0.0212418 0.00579297 -0.00281997 -0.0093161 -0.00667363 -0.0148734 -0.0212418 0.00579297 1 -0.00579297 -0.0212418 -0.00490394 -0.0160938 -0.00447217 -0.0398 0.00579297 1 0.706402 -0.0209631 0.00579297 -0.00447217 -0.0398 0.0120142 -0.00808991 -0.0150365 -0.0053022 -0.0148734 -0.0153595 0.0195539 -0.0394523 -0.00399602 -0.00839574 -0.00399602 0.0053454 1 -0.0150365 -0.00808991 0.00506681 -0.00199203 -0.0394523 0.0820948 -0.0053022 -0.0150365 0.00567402 -0.00447217 -0.0209631 -0.0150365 -0.0412105 0.0820948 -0.00399602 0.0122385 -0.0412105 -0.00602429 0.00518468 -0.00199203 -0.00839574 -0.00490394 -0.00447217 -0.0389999 -0.00782499 -0.00908217 0.0799451 0.0175719 0.00490394 0.00401185 -0.00976993 -0.00602429 0.017759 0.116977 -0.0411376
0.784686 0.658809 0.0887235 0.00565034 1 -0.115016 0.130065 0.00565034 -0.0275614 0.00565034 1 0.359108 -0.148129 1 -0.0299023 0.784686 0.099694 0.23077 0.099694 -0.115647 0.663354 1 0.00565034 0.676826 0.348471 0.099694 0.176311 0.099694 0.147697 0.00565034 1 0.0139099 0.294536 0.377235 0.070244 1 0.0761221 0.99792 0.65631 -0.525096 0.658197 0.151218 0.00565034 0.239944 0.00565034 0.00565034 0.359649 -0.0644173 0.247606 0.099694 0.099694 -0.0834416 0.00565034 -0.170984 0.357375 0.99792 -0.0377214 0.141504 0.176311 0.247606 0.357375 0.99792 0.00565034 -0.115058 0.357375 -0.118603 0.294536 0.099694 0.658197 0.99792 0.00565034 0.0537189 0.351753 0.99792 0.099694 0.658197 0.873545 0.137713 0.25541 0.0396009 0.247606 0.244534 0.268609 0.640796 0.0761221 0.138442 0.0761221 0.962914 0.00565034 0.25541 0.137713 0.9673 0.070244 0.640796 0.362413 0.0641622 0.25541 0.0299023 0.0126852 0.358551 0.25541 0.674418 0.362413 0.0761221 0.854053 0.674418 0.0822023 0.965301 -0.0589433 0.15277 0.0934176 0.0126852 0.634532 0.140604 -0.0920381 0.367443 0.729426 0.0390952 0.931761 0.0552599 -0.0697317 0.727239 0.23077 0.630073
-0.12042 -0.0879068 0.15984 -0.00859832 -0.115016 1 -0.0476514 -0.00859832 0.124078 -0.00859832 -0.115016 0.00687271 -0.032862 -0.115016 -0.0244911 -0.12042 -0.0193035 -0.0341022 -0.0193035 -0.0291607 -0.104816 -0.115016 -0.00859832 -0.107499 0.0114734 -0.0193035 -0.0288057 -0.0193035 -0.0316693 -0.00859832 -0.115016 -0.0211672 -0.039602 0.0807438 -0.00859832 -0.115016 0.10325 -0.114743 -0.104056 0.213699 -0.104177 -0.0596466 -0.00859832 -0.0218457 -0.00859832 -0.00859832 0.00778061 -0.0274373 -0.0309767 -0.0193035 -0.0193035 -0.012172 -0.00859832 0.0324674 0.00878917 -0.114743 -0.012172 0.0132975 -0.0288057 -0.0309767 0.00878917 -0.114743 -0.00859832 0.0448692 0.00878917 -0.0211672 -0.039602 -0.0193035 -0.104177 -0.114743 -0.00859832 -0.012172 0.010657 -0.114743 -0.0193035 -0.104177 -0.102306 -0.0349189 -0.0319269 -0.0228862 -0.0309767 -0.0337948 0.0581956 -0.10303 -0.0172483 0.0170599 -0.0172483 -0.115089 -0.00859832 -0.0319269 -0.0349189 -0.115638 -0.00859832 -0.10303 0.00603444 0.0684769 -0.0319269 0.0244911 -0.0193035 0.010657 -0.0319269 -0.112042 0.00603444 -0.0172483 -0.100943 -0.112042 -0.026003 -0.114897 -0.00859832 -0.036239 -0.0211672 -0.0193035 -0.101136 -0.0337754 -0.0392019 0.00502203 -0.126752 0.0211672 -0.118781 -0.0421705 0.700636 -0.126607 -0.0341022 -0.112276
0.203472 0.263692 -0.0293845 -0.0110397 0.130065 -0.0476514 1 -0.0110397 0.0916135 -0.0110397 0.130065 -0.0983131 -0.0421927 0.130065 0.104907 0.203472 -0.0247845 -0.0844949 -0.0247845 -0.0374406 0.263692 0.130065 -0.0110397 0.258984 -0.0941377 -0.0247845 -0.0369848 -0.0247845 -0.0406615 0.180442 0.130065 0.0513871 -0.0891911 -0.039673 -0.0110397 0.130065 -0.0221457 0.131099 0.2664 -0.142183 0.264383 0.738517 -0.0110397 -0.04548 -0.0110397 -0.0110397 -0.0974825 -0.0352279 -0.0824276 -0.0247845 -0.0247845 -0.0156281 -0.0110397 -0.0418523 -0.0977025 0.131099 -0.0156281 -0.0516293 -0.0369848 -0.0824276 -0.0977025 0.131099 -0.0110397 -0.0321043 -0.0977025 -0.0271774 -0.0891911 -0.0247845 0.264383 0.131099 -0.0110397 -0.0156281 -0.0960256 0.131099 -0.0247845 0.264383 0.177153 0.00376836 -0.0833312 -0.0293845 -0.0824276 -0.0851217 -0.0169401 0.263772 -0.0221457 -0.0465287 -0.0221457 0.139728 -0.0110397 -0.0833312 0.00376836 0.137664 -0.0110397 0.263772 -0.100201 -0.0293845 -0.0833312 -0.0367311 0.0611921 -0.0960256 -0.0833312 0.256941 -0.100201 -0.0221457 0.178113 0.256941 -0.0333862 0.138132 -0.0110397 -0.00405332 -0.0271774 -0.0247845 0.265857 0.00677899 -0.0503328 -0.0989389 0.20916 -0.0513871 0.142744 -0.0133129 -0.0333862 0.210562 -0.0592268 0.253299
-0.0465246 -0.0399532 -0.0053022 1 0.00565034 -0.00859832 -0.0110397 1 -0.00345719 1 0.00565034 0.0816823 -0.00761336 0.00565034 -0.00567402 -0.0465246 -0.00447217 -0.0152465 -0.00447217 -0.00675587 -0.0399532 0.00565034 1 -0.0405252 -0.0205946 -0.00447217 -0.00667363 -0.00447217 -0.00733705 -0.00199203 0.00565034 -0.00490394 -0.0160938 0.0282013 -0.00199203 0.00565034 -0.00399602 0.00579297 -0.0398453 -0.0357338 -0.0398 -0.0138187 1 -0.0133535 1 1 -0.0211519 -0.0063566 -0.0148734 -0.00447217 -0.00447217 -0.00281997 1 -0.00755193 -0.0212418 0.00579297 -0.00281997 -0.0093161 -0.00667363 -0.0148734 -0.0212418 0.00579297 1 -0.00579297 -0.0212418 -0.00490394 -0.0160938 -0.00447217 -0.0398 0.00579297 1 0.706402 -0.0209631 0.00579297 -0.00447217 -0.0398 0.0120142 -0.00808991 -0.0150365 -0.0053022 -0.0148734 -0.0153595 0.0195539 -0.0394523 -0.00399602 -0.00839574 -0.00399602 0.0053454 1 -0.0150365 -0.00808991 0.00506681 -0.00199203 -0.0394523 0.0820948 -0.0053022 -0.0150365 0.00567402 -0.00447217 -0.0209631 -0.0150365 -0.0412105 0.0820948 -0.00399602 0.0122385 -0.0412105 -0.00602429 0.00518468 -0.00199203 -0.00839574 -0.00490394 -0.00447217 -0.0389999 -0.00782499 -0.00908217 0.0799451 0.0175719 0.00490394 0.00401185 -0.00976993 -0.00602429 0.017759 0.116977 -0.0411376
-0.0419529 -0.0285467 -0.00920203 -0.00345719 -0.0275614 0.124078 0.0916135 -0.00345719 1 -0.00345719 -0.0275614 0.0226201 -0.0132131 -0.0275614 -0.00984732 -0.0419529 -0.00776151 -0.0264604 -0.00776151 -0.0117249 -0.0285467 -0.0275614 -0.00345719 -0.0296687 0.0247909 -0.00776151 -0.0115822 -0.00776151 -0.0127335 0.576199 -0.0275614 -0.00851085 -0.0279311 0.0489436 -0.00345719 -0.0275614 -0.00693514 -0.0274058 -0.0281821 0.107058 -0.0282941 0.0674055 -0.00345719 -0.0231752 -0.00345719 -0.00345719 0.0230473 -0.0110319 -0.025813 -0.00776151 -0.00776151 -0.00489409 -0.00345719 -0.0131065 0.0237336 -0.0274058 -0.00489409 -0.0161682 -0.0115822 -0.025813 0.0237336 -0.0274058 -0.00345719 -0.0100538 0.0237336 -0.00851085 -0.0279311 -0.00776151 -0.0282941 -0.0274058 -0.00345719 -0.00489409 0.0246183 -0.0274058 -0.00776151 -0.0282941 -0.0163405 -0.0140401 -0.026096 -0.00920203 -0.025813 -0.0266567 0.0339361 -0.0279041 -0.00693514 -0.0145709 -0.00693514 -0.0277574 -0.00345719 -0.026096 -0.0140401 -0.028066 -0.00345719 -0.0279041 0.0224335 -0.00920203 -0.026096 0.00984732 -0.00776151 0.0246183 -0.026096 -0.0318136 0.0224335 -0.00693514 -0.0158563 -0.0318136 -0.0104552 -0.0277989 -0.00345719 -0.0145709 -0.00851085 -0.00776151 -0.0271545 -0.0135804 -0.0157622 0.0215516 -0.044698 0.00851085 -0.0295186 -0.0169558 0.184322 -0.0446191 -0.0264604 -0.0320181
-0.0465246 -0.0399532 -0.0053022 1 0.00565034 -0.00859832 -0.0110397 1 -0.00345719 1 0.00565034 0.0816823 -0.00761336 0.00565034 -0.00567402 -0.0465246 -0.00447217 -0.0152465 -0.00447217 -0.00675587 -0.0399532 0.00565034 1 -0.0405252 -0.0205946 -0.00447217 -0.00667363 -0.00447217 -0.00733705 -0.00199203 0.00565034 -0.00490394 -0.0160938 0.0282013 -0.00199203 0.00565034 -0.00399602 0.00579297 -0.0398453 -0.0357338 -0.0398 -0.0138187 1 -0.0133535 1 1 -0.0211519 -0.0063566 -0.0148734 -0.00447217 -0.00447217 -0.00281997 1 -0.00755193 -0.0212418 0.00579297 -0.00281997 -0.0093161 -0.00667363 -0.0148734 -0.0212418 0.00579297 1 -0.00579297 -0.0212418 -0.00490394 -0.0160938 -0.00447217 -0.0398 0.00579297 1 0.706402 -0.0209631 0.00579297 -0.00447217 -0.0398 0.0120142 -0.00808991 -0.0150365 -0.0053022 -0.0148734 -0.0153595 0.0195539 -0.0394523 -0.00399602 -0.00839574 -0.00399602 0.0053454 1 -0.0150365 -0.00808991 0.00506681 -0.00199203 -0.0394523 0.0820948 -0.0053022 -0.0150365 0.00567402 -0.00447217 -0.0209631 -0.0150365 -0.0412105 0.0820948 -0.00399602 0.0122385 -0.0412105 -0.00602429 0.00518468 -0.00199203 -0.00839574 -0.00490394 -0.00447217 -0.0389999 -0.00782499 -0.00908217 0.0799451 0.0175719 0.00490394 0.00401185 -0.00976993 -0.00602429 0.017759 0.116977 -0.0411376
0.784686 0.658809 0.0887235 0.00565034 1 -0.115016 0.130065 0.00565034 -0.0275614 0.00565034 1 0.359108 -0.148129 1 -0.0299023 0.784686 0.099694 0.23077 0.099694 -0.115647 0.663354 1 0.00565034 0.676826 0.348471 0.099694 0.176311 0.099694 0.147697 0.00565034 1 0.0139099 0.294536 0.377235 0.070244 1 0.0761221 0.99792 0.65631 -0.525096 0.658197 0.151218 0.00565034 0.239944 0.00565034 0.00565034 0.359649 -0.0644173 0.247606 0.099694 0.099694 -0.0834416 0.00565034 -0.170984 0.357375 0.99792 -0.0377214 0.141504 0.176311 0.247606 0.357375 0.99792 0.00565034 -0.115058 0.357375 -0.118603 0.294536 0.099694 0.658197 0.99792 0.00565034 0.0537189 0.351753 0.99792 0.099694 0.658197 0.873545 0.137713 0.25541 0.0396009 0.247606 0.244534 0.268609 0.640796 0.0761221 0.138442 0.0761221 0.962914 0.00565034 0.25541 0.137713 0.9673 0.070244 0.640796 0.362413 0.0641622 0.25541 0.0299023 0.0126852 0.358551 0.25541 0.674418 0.362413 0.0761221 0.854053 0.674418 0.0822023 0.965301 -0.0589433 0.15277 0.0934176 0.0126852 0.634532 0.140604 -0.0920381 0.367443 0.729426 0.0390952 0.931761 0.0552599 -0.0697317 0.727239 0.23077 0.630073
-0.276737 -0.231358 0.217414 0.0816823 0.359108 0.00687271 -0.0983131 0.0816823 0.0226201 0.0816823 0.359108 1 -0.0567737 0.359108 0.0126826 -0.276737 -0.0477981 -0.108599 -0.0477981 -0.0184788 -0.231358 0.359108 0.0816823 -0.238092 0.973512 -0.0477981 -0.00860413 -0.0477981 -0.0025636499999999998 -0.0212906 0.359108 0.0320861 -0.0952158 0.143338 -0.0212906 0.359108 0.0605729 0.354713 -0.236632 -0.18669 -0.237029 -0.0989893 0.0816823 0.65493 0.0816823 0.0816823 0.994708 0.0306377 -0.102014 -0.0477981 -0.0477981 -0.0301395 0.0816823 -0.0807142 0.989424 0.348058 0.042746 -0.0995695 -0.00860413 -0.102014 0.989424 0.348058 0.0816823 -0.0619146 0.989424 -0.0524128 -0.0952158 -0.0477981 -0.237029 0.348058 0.0816823 0.042746 0.978781 0.348058 -0.0477981 -0.237029 0.399288 0.0180826 -0.0900472 -0.0566694 -0.102014 -0.0945146 0.0854494 -0.234298 -0.0427091 -0.0668909 -0.0427091 0.340027 0.0816823 -0.0900472 0.0180826 0.342261 -0.0212906 -0.234298 0.973383 0.217414 -0.0900472 -0.0126826 -0.00156263 0.96794500000000006 -0.0900472 -0.228837 0.973383 -0.0427091 0.387812 -0.228837 -0.0297859 0.343032 -0.0212906 0.00163481 0.201084 0.0446728 -0.236827 0.024232 -0.0501213 0.94813 -0.27304 0.0101634 0.321548 -0.0165885 0.00481527 -0.272546 -0.0814222 -0.236817
-0.113744 -0.11901 -0.0202645 -0.00761336 -0.148129 -0.032862 -0.0421927 -0.00761336 -0.0132131 -0.00761336 -0.148129 -0.0567737 1 -0.148129 -0.0216855 -0.113744 -0.0170922 0.00489774 -0.0170922 0.0366201 -0.11901 -0.148129 -0.00761336 -0.121303 -0.0787106 -0.0170922 -0.025506 -0.0170922 0.0307288 -0.00761336 -0.148129 -0.0187424 -0.00201088 0.026134 -0.00761336 -0.148129 -0.0152724 -0.148001 -0.118451 0.247396 -0.118436 -0.0528139 -0.00761336 -0.0510358 -0.00761336 -0.00761336 -0.0561664 -0.0242943 0.00934255 -0.0170922 -0.0170922 -0.0107777 -0.00761336 -0.0288627 -0.0561622 -0.148001 -0.0107777 -0.0356053 -0.025506 0.00934255 -0.0561622 -0.148001 -0.00761336 -0.0221402 -0.0561622 -0.0187424 -0.00201088 -0.0170922 -0.118436 -0.148001 -0.00761336 -0.0107777 -0.0549315 -0.148001 -0.0170922 -0.118436 -0.153719 -0.0309189 0.00822837 -0.0202645 0.00934255 0.0060505 -0.0296857 -0.117283 -0.0152724 -0.0320877 -0.0152724 -0.14778 -0.00761336 0.00822837 -0.0309189 -0.14805 -0.00761336 -0.117283 -0.0579921 -0.0202645 0.00822837 0.0216855 -0.0170922 -0.0549315 0.00822837 -0.124711 -0.0579921 -0.0152724 -0.152351 -0.124711 -0.0230243 -0.147316 -0.00761336 -0.0320877 -0.0187424 -0.0170922 -0.115583 -0.0299064 0.0744121 -0.0573854 -0.119132 0.0187424 -0.150364 -0.0373397 -0.0230243 -0.119026 0.00489774 -0.124706
0.784686 0.658809 0.0887235 0.00565034 1 -0.115016 0.130065 0.00565034 -0.0275614 0.00565034 1 0.359108 -0.148129 1 -0.0299023 0.784686 0.099694 0.23077 0.099694 -0.115647 0.663354 1 0.00565034 0.676826 0.348471 0.099694 0.176311 0.099694 0.147697 0.00565034 1 0.0139099 0.294536 0.377235 0.070244 1 0.0761221 0.99792 0.65631 -0.525096 0.658197 0.151218 0.00565034 0.239944 0.00565034 0.00565034 0.359649 -0.0644173 0.247606 0.099694 0.099694 -0.0834416 0.00565034 -0.170984 0.357375 0.99792 -0.0377214 0.141504 0.176311 0.247606 0.357375 0.99792 0.00565034 -0.115058 0.357375 -0.118603 0.294536 0.099694 0.658197 0.99792 0.00565034 0.0537189 0.351753 0.99792 0.099694 0.658197 0.873545 0.137713 0.25541 0.0396009 0.247606 0.244534 0.268609 0.640796 0.0761221 0.138442 0.0761221 0.962914 0.00565034 0.25541 0.137713 0.9673 0.070244 0.640796 0.362413 0.0641622 0.25541 0.0299023 0.0126852 0.358551 0.25541 0.674418 0.362413 0.0761221 0.854053 0.674418 0.0822023 0.965301 -0.0589433 0.15277 0.0934176 0.0126852 0.634532 0.140604 -0.0920381 0.367443 0.729426 0.0390952 0.931761 0.0552599 -0.0697317 0.727239 0.23077 0.630073
-0.0370217 -0.0133766 -0.0151026 -0.00567402 -0.0299023 -0.0244911 0.104907 -0.00567402 -0.00984732 -0.00567402 -0.0299023 0.0126826 -0.0216855 -0.0299023 1 -0.0370217 -0.0127383 -0.0434273 -0.0127383 -0.0192431 -0.0133766 -0.0299023 -0.00567402 -0.0153243 0.0158503 -0.0127383 -0.0190089 -0.0127383 -0.0208985 -0.00567402 -0.0299023 -0.0139682 -0.045841 -0.193499 -0.00567402 -0.0299023 -0.0113821 -0.0296091 -0.0126327 -0.101782 -0.0129731 0.0731303 -0.00567402 0.0682526 -0.00567402 -0.00567402 0.0133072 -0.0181059 -0.0423648 -0.0127383 -0.0127383 -0.00803227 -0.00567402 -0.0215106 0.014088 -0.0296091 -0.00803227 -0.0265356 -0.0190089 -0.0423648 0.014088 -0.0296091 -0.00567402 -0.0165004 0.014088 -0.0139682 -0.045841 -0.0127383 -0.0129731 -0.0296091 -0.00567402 -0.00803227 0.0153754 -0.0296091 -0.0127383 -0.0129731 -0.0115586 -0.0230429 -0.0428292 -0.0151026 -0.0423648 -0.0437495 0.0556966 -0.0125081 -0.0113821 -0.0239141 -0.0113821 -0.0303606 -0.00567402 -0.0428292 -0.0230429 -0.0309388 -0.00567402 -0.0125081 0.0121912 -0.0151026 -0.0428292 0.0161616 -0.0127383 0.0153754 -0.0428292 -0.0196285 0.0121912 -0.0113821 -0.0108028 -0.0196285 -0.0171593 -0.0305261 -0.00567402 -0.0239141 -0.0139682 -0.0127383 -0.0113069 -0.0222884 -0.0258692 -0.0247357 -0.0425066 0.0139682 -0.0559307 -0.0278282 -0.0171593 -0.0422763 -0.0434273 -0.0202357
1 0.845882 -0.0473441 -0.0465246 0.784686 -0.12042 0.203472 -0.0465246 -0.0419529 -0.0465246 0.784686 -0.276737 -0.113744 0.784686 -0.0370217 1 -0.0141261 0.307551 -0.0141261 -0.105306 0.845882 0.784686 -0.0465246 0.840992 -0.263919 -0.0141261 0.170887 -0.0141261 0.141474 0.0205295 0.784686 -0.00448507 0.357551 0.298379 0.0875835 0.784686 0.0411822 0.78529 0.846659 -0.40918 0.84888 0.226986 -0.0465246 -0.172033 -0.0465246 -0.0465246 -0.272806 -0.0842694 0.320168 -0.0141261 -0.0141261 -0.0658613 -0.0465246 -0.121905 -0.271788 0.789623 -0.0658613 0.215473 0.170887 0.320168 -0.271788 0.789623 -0.0465246 -0.0767974 -0.271788 -0.0870212 0.357551 -0.0141261 0.84888 0.789623 -0.0465246 -0.0183997 -0.270851 0.789623 0.106305 0.84888 0.629079 0.117412 0.311407 0.0801403 0.320168 0.303421 0.229973 0.828923 -0.0260731 0.190644 -0.0260731 0.763174 -0.0465246 0.311407 0.117412 0.762181 0.0875835 0.828923 -0.262821 -0.072841 0.311407 0.0370217 0.0159816 -0.263795 0.311407 0.838108 -0.262821 -0.0260731 0.620552 0.838108 0.107148 0.759585 -0.0465246 0.0865248 -0.0319971 -0.0141261 0.82389 0.115762 -0.0592591 -0.24773 0.923604 0.0319971 0.739374 0.0577912 -0.0731045 0.920922 0.289854 0.815691
-0.0141261 -0.0580349 -0.0119036 -0.00447217 0.099694 -0.0193035 -0.0247845 -0.00447217 -0.00776151 -0.00447217 0.099694 -0.0477981 -0.0170922 0.099694 -0.0127383 -0.0141261 1 0.0251404 1 -0.0151671 -0.0580349 0.099694 -0.00447217 0.0983841 -0.0462355 1 0.122039 1 0.0939996 -0.00447217 0.099694 -0.0110095 0.0757087 -0.0134253 -0.00447217 0.099694 -0.00897119 0.100228 -0.0576551 -0.0802234 -0.0577014 -0.0310235 -0.00447217 -0.029979 -0.00447217 -0.00447217 -0.0474866 -0.0142708 0.0288155 1 1 -0.00633091 -0.00447217 -0.0169543 -0.0476884 0.100228 -0.00633091 -0.0209149 0.122039 0.0288155 -0.0476884 0.100228 -0.00447217 -0.0130054 -0.0476884 -0.0110095 0.0757087 1 -0.0577014 0.100228 -0.00447217 0.312114 -0.0470628 0.100228 0.191968 -0.0577014 0.0847045 0.0960321 0.0279879 -0.0119036 0.0288155 0.0263762 -0.0542399 -0.0570865 0.893531 -0.0188487 0.893531 0.0982334 -0.00447217 0.0279879 0.0960321 0.0972006 -0.00447217 -0.0570865 -0.00203755 -0.0119036 0.0279879 0.0127383 -0.0100402 2.82377e-4 0.0279879 0.0923963 -0.00203755 0.893531 0.0850603 0.0923963 -0.0135247 0.0973197 -0.00447217 0.480146 -0.0110095 -0.0100402 -0.0560983 0.100251 -0.0203897 -0.00244128 0.0978116 0.0110095 0.0939514 0.0740027 -0.0135247 0.0984222 0.0251404 -0.0312306
0.307551 -0.17552 -0.0405816 -0.0152465 0.23077 -0.0341022 -0.0844949 -0.0152465 -0.0264604 -0.0152465 0.23077 -0.108599 0.00489774 0.23077 -0.0434273 0.307551 0.0251404 1 0.0251404 -0.051707500000000003 -0.17552 0.23077 -0.0152465 -0.171035 -0.102393 0.0251404 0.029462 0.0251404 0.528251 -0.0152465 0.23077 -0.0375334 0.879333 0.136909 -0.0152465 0.23077 -0.0305844 0.232323 -0.174128 -0.0613776 -0.17439 -0.105765 -0.0152465 -0.0628104 -0.0152465 -0.0152465 -0.107367 -0.0486516 0.964816 0.0251404 0.0251404 0.0720062 -0.0152465 -0.0219954 -0.107286 0.232323 -0.0215833 0.547065 0.029462 0.964816 -0.107286 0.232323 -0.0152465 -0.0443378 -0.107286 -0.0375334 0.879333 0.0251404 -0.17439 0.232323 -0.0152465 -0.0215833 -0.104788 0.232323 0.321986 -0.17439 -0.22194 0.00520431 0.955566 -0.0405816 0.964816 0.937723 0.0775539 -0.17241 0.0357258 -0.0349283 0.0357258 0.226764 -0.0152465 0.955566 0.00520431 0.223754 0.249201 -0.17241 -0.111 -0.0405816 0.955566 0.0434273 -0.0342288 -0.104788 0.955566 -0.161434 -0.111 0.0357258 -0.219421 -0.161434 -0.0461082 0.224342 -0.0152465 0.0237326 -0.0375334 -0.0342288 -0.169061 0.00936216 0.11134 -0.109907 0.297438 0.0375334 0.213781 -0.0183858 -0.00167827 0.290798 0.912758 -0.171142
-0.0141261 -0.0580349 -0.0119036 -0.00447217 0.099694 -0.0193035 -0.0247845 -0.00447217 -0.00776151 -0.00447217 0.099694 -0.0477981 -0.0170922 0.099694 -0.0127383 -0.0141261 1 0.0251404 1 -0.0151671 -0.0580349 0.099694 -0.00447217 0.0983841 -0.0462355 1 0.122039 1 0.0939996 -0.00447217 0.099694 -0.0110095 0.0757087 -0.0134253 -0.00447217 0.099694 -0.00897119 0.100228 -0.0576551 -0.0802234 -0.0577014 -0.0310235 -0.00447217 -0.029979 -0.00447217 -0.00447217 -0.0474866 -0.0142708 0.0288155 1 1 -0.00633091 -0.00447217 -0.0169543 -0.0476884 0.100228 -0.00633091 -0.0209149 0.122039 0.0288155 -0.0476884 0.100228 -0.00447217 -0.0130054 -0.0476884 -0.0110095 0.0757087 1 -0.0577014 0.100228 -0.00447217 0.312114 -0.0470628 0.100228 0.191968 -0.0577014 0.0847045 0.0960321 0.0279879 -0.0119036 0.0288155 0.0263762 -0.0542399 -0.0570865 0.893531 -0.0188487 0.893531 0.0982334 -0.00447217 0.0279879 0.0960321 0.0972006 -0.00447217 -0.0570865 -0.00203755 -0.0119036 0.0279879 0.0127383 -0.0100402 2.82377e-4 0.0279879 0.0923963 -0.00203755 0.893531 0.0850603 0.0923963 -0.0135247 0.0973197 -0.00447217 0.480146 -0.0110095 -0.0100402 -0.0560983 0.100251 -0.0203897 -0.00244128 0.0978116 0.0110095 0.0939514 0.0740027 -0.0135247 0.0984222 0.0251404 -0.0312306
-0.105306 -0.0803119 -0.0179821 -0.00675587 -0.115647 -0.0291607 -0.0374406 -0.00675587 -0.0117249 -0.00675587 -0.115647 -0.0184788 0.0366201 -0.115647 -0.0192431 -0.105306 -0.0151671 -0.051707500000000003 -0.0151671 1 -0.0803119 -0.115647 -0.00675587 -0.0824269 -0.0152499 -0.0151671 -0.0226332 -0.0151671 -0.0248832 -0.00675587 -0.115647 -0.0166315 -0.0545814 0.07335 -0.00675587 -0.115647 -0.0135523 -0.115495 -0.0797062 0.240976 -0.0798105 -0.00565335 -0.00675587 -0.00634801 -0.00675587 -0.00675587 -0.0178401 -0.021558 -0.0504424 -0.0151671 -0.0151671 -0.00956377 -0.00675587 -0.0256119 -0.0173853 -0.115495 -0.00956377 -0.031595 -0.0226332 -0.0504424 -0.0173853 -0.115495 -0.00675587 -0.0196465 -0.0173853 0.0906201 -0.0545814 -0.0151671 -0.0798105 -0.115495 -0.00675587 -0.00956377 -0.0160784 -0.115495 -0.0151671 -0.0798105 -0.0934281 -0.0274365 -0.0509954 -0.0179821 -0.0504424 -0.0520911 0.0378059 -0.0240397 -0.0135523 -0.0284737 -0.0135523 -0.065376 -0.00675587 -0.0509954 -0.0274365 -0.0659264 -0.00675587 -0.0240397 -0.0193183 -0.0179821 -0.0509954 0.0192431 -0.0151671 -0.0160784 -0.0509954 -0.0323242 -0.0193183 -0.0135523 -0.042138 -0.0323242 -0.020431 -0.0653857 -0.00675587 -0.0284737 -0.0166315 -0.0151671 -0.0408789 -0.026538 0.684271 -0.0195427 -0.0760433 0.0166315 -0.0851027 -0.0331342 -0.020431 -0.0758522 -0.051707500000000003 -0.0507299
0.845882 0.995038 -0.0527187 -0.0399532 0.663354 -0.104816 0.263692 -0.0399532 -0.0285467 -0.0399532 0.663354 -0.231358 -0.11901 0.663354 -0.0133766 0.845882 -0.0580349 -0.17552 -0.0580349 -0.0803119 1 0.663354 -0.0399532 0.987762 -0.228963 -0.0580349 -0.0694224 -0.0580349 -0.129841 0.0305607 0.663354 0.0173705 -0.191319 0.234867 0.101074 0.663354 0.0613048 0.663011 0.995045 -0.367046 0.997525 0.300937 -0.0399532 -0.141775 -0.0399532 -0.0399532 -0.227962 -0.0599879 -0.181311 -0.0580349 -0.0580349 -0.0565587 -0.0399532 -0.113276 -0.226999 0.667568 -0.0565587 -0.092628 -0.0694224 -0.181311 -0.226999 0.667568 -0.0399532 -0.0546689 -0.226999 -0.0983559 -0.191319 -0.0580349 0.997525 0.667568 -0.0399532 -0.00664812 -0.227513 0.667568 -0.0580349 0.992564 0.743154 -0.0548679 -0.175772 0.108156 -0.181311 -0.174519 0.192223 0.970427 -0.0801462 0.222653 -0.0801462 0.638817 -0.0399532 -0.175772 -0.0548679 0.64417 -0.0399532 0.970427 -0.215343 -0.0527187 -0.175772 0.0133766 0.0369485 -0.220092 -0.175772 0.92688 -0.215343 -0.0801462 0.73283 0.92688 0.116116 0.645615 -0.0399532 -0.074539 -0.0115611 0.00528735 0.963165 -0.0461464 -0.0535604 -0.192886 0.773203 0.0115611 0.630757 -0.0606236 -0.0734378 0.773741 -0.184825 0.913726
0.784686 0.658809 0.0887235 0.00565034 1 -0.115016 0.130065 0.00565034 -0.0275614 0.00565034 1 0.359108 -0.148129 1 -0.0299023 0.784686 0.099694 0.23077 0.099694 -0.115647 0.663354 1 0.00565034 0.676826 0.348471 0.099694 0.176311 0.099694 0.147697 0.00565034 1 0.0139099 0.294536 0.377235 0.070244 1 0.0761221 0.99792 0.65631 -0.525096 0.658197 0.151218 0.00565034 0.239944 0.00565034 0.00565034 0.359649 -0.0644173 0.247606 0.099694 0.099694 -0.0834416 0.00565034 -0.170984 0.357375 0.99792 -0.0377214 0.141504 0.176311 0.247606 0.357375 0.99792 0.00565034 -0.115058 0.357375 -0.118603 0.294536 0.099694 0.658197 0.99792 0.00565034 0.0537189 0.351753 0.99792 0.099694 0.658197 0.873545 0.137713 0.25541 0.0396009 0.247606 0.244534 0.268609 0.640796 0.0761221 0.138442 0.0761221 0.962914 0.00565034 0.25541 0.137713 0.9673 0.070244 0.640796 0.362413 0.0641622 0.25541 0.0299023 0.0126852 0.358551 0.25541 0.674418 0.362413 0.0761221 0.854053 0.674418 0.0822023 0.965301 -0.0589433 0.15277 0.0934176 0.0126852 0.634532 0.140604 -0.0920381 0.367443 0.729426 0.0390952 0.931761 0.0552599 -0.0697317 0.727239 0.23077 0.630073
-0.0465246 -0.0399532 -0.0053022 1 0.00565034 -0.00859832 -0.0110397 1 -0.00345719 1 0.00565034 0.0816823 -0.00761336 0.00565034 -0.00567402 -0.0465246 -0.00447217 -0.0152465 -0.00447217 -0.00675587 -0.0399532 0.00565034 1 -0.0405252 -0.0205946 -0.00447217 -0.00667363 -0.00447217 -0.00733705 -0.00199203 0.00565034 -0.00490394 -0.0160938 0.0282013 -0.00199203 0.00565034 -0.00399602 0.00579297 -0.0398453 -0.0357338 -0.0398 -0.0138187 1 -0.0133535 1 1 -0.0211519 -0.0063566 -0.0148734 -0.00447217 -0.00447217 -0.00281997 1 -0.00755193 -0.0212418 0.00579297 -0.00281997 -0.0093161 -0.00667363 -0.0148734 -0.0212418 0.00579297 1 -0.00579297 -0.0212418 -0.00490394 -0.0160938 -0.00447217 -0.0398 0.00579297 1 0.706402 -0.0209631 0.00579297 -0.00447217 -0.0398 0.0120142 -0.00808991 -0.0150365 -0.0053022 -0.0148734 -0.0153595 0.0195539 -0.0394523 -0.00399602 -0.00839574 -0.00399602 0.0053454 1 -0.0150365 -0.00808991 0.00506681 -0.00199203 -0.0394523 0.0820948 -0.0053022 -0.0150365 0.00567402 -0.00447217 -0.0209631 -0.0150365 -0.0412105 0.0820948 -0.00399602 0.0122385 -0.0412105 -0.00602429 0.00518468 -0.00199203 -0.00839574 -0.00490394 -0.00447217 -0.0389999 -0.00782499 -0.00908217 0.0799451 0.0175719 0.00490394 0.00401185 -0.00976993 -0.00602429 0.017759 0.116977 -0.0411376
0.840992 0.982815 -0.0544113 -0.0405252 0.676826 -0.107499 0.258984 -0.0405252 -0.0296687 -0.0405252 0.676826 -0.238092 -0.121303 0.676826 -0.0153243 0.840992 0.0983841 -0.171035 0.0983841 -0.0824269 0.987762 0.676826 -0.0405252 1 -0.23546 0.0983841 -0.0501355 0.0983841 -0.114743 0.029765 0.676826 0.0155953 -0.178884 0.232025 0.100055 0.676826 0.0597087 0.676568 0.982882 -0.378416 0.985346 0.295135 -0.0405252 -0.146009 -0.0405252 -0.0405252 -0.234659 -0.0620272 -0.176234 0.0983841 0.0983841 -0.0573684 -0.0405252 -0.115566 -0.23373 0.68111 -0.0573684 -0.0956019 -0.0501355 -0.176234 -0.23373 0.68111 -0.0405252 -0.0565274 -0.23373 -0.099764 -0.178884 0.0983841 0.985346 0.68111 -0.0405252 0.0421361 -0.234144 0.68111 -0.0278588 0.980401 0.754031 -0.0396903 -0.170842 0.105953 -0.176234 -0.169845 0.18314 0.95843 0.0597087 0.219002 0.0597087 0.652139 -0.0405252 -0.170842 -0.0396903 0.657314 -0.0405252 0.95843 -0.214978 -0.0544113 -0.170842 0.0153243 0.0352627 -0.21935 -0.170842 0.938376 -0.214978 0.0597087 0.743795 0.938376 0.113634 0.658772 -0.0405252 7.12958e-4 -0.0132445 0.00370195 0.951346 -0.0303373 -0.0565761 -0.192656 0.786032 0.0132445 0.643435 -0.0488695 -0.0753179 0.786664 -0.180311 0.905949
-0.263919 -0.221599 0.223697 -0.0205946 0.348471 0.0114734 -0.0941377 -0.0205946 0.0247909 -0.0205946 0.348471 0.973512 -0.0787106 0.348471 0.0158503 -0.263919 -0.0462355 -0.102393 -0.0462355 -0.0152499 -0.228963 0.348471 -0.0205946 -0.23546 1 -0.0462355 -0.00525859 -0.0462355 0.00122592 -0.0205946 0.348471 0.0351652 -0.0883514 0.13093 -0.0205946 0.348471 0.0636385 0.343897 -0.227047 -0.178679 -0.227439 -0.0933738 -0.0205946 0.672488 -0.0205946 -0.0205946 0.978681 0.034452000000000003 -0.095897 -0.0462355 -0.0462355 -0.0291542 -0.0205946 -0.0780755 0.972751 0.337135 0.0449093 -0.0963144 -0.00525859 -0.095897 0.972751 0.337135 -0.0205946 -0.0598906 0.972751 -0.0506994 -0.0883514 -0.0462355 -0.227439 0.337135 -0.0205946 -0.0291542 0.983523 0.337135 -0.0462355 -0.227439 0.386041 0.022599 -0.0980119 -0.0548168 -0.095897 -0.102177 0.0766205 -0.224808 -0.0413128 -0.0635882 -0.0413128 0.336046 -0.0205946 -0.0980119 0.022599 0.33184 -0.0205946 -0.224808 0.94625 0.223697 -0.0980119 -0.0158503 7.4724e-4 0.972512 -0.0980119 -0.218186 0.94625 -0.0413128 0.380993 -0.218186 -0.0271217 0.332584 -0.0205946 0.00604503 0.206894 -0.0462355 -0.227607 0.0287095 -0.0461892 0.911133 -0.266267 0.00776708 0.311479 -0.0117552 0.00803865 -0.265797 -0.0885853 -0.226273
-0.0141261 -0.0580349 -0.0119036 -0.00447217 0.099694 -0.0193035 -0.0247845 -0.00447217 -0.00776151 -0.00447217 0.099694 -0.0477981 -0.0170922 0.099694 -0.0127383 -0.0141261 1 0.0251404 1 -0.0151671 -0.0580349 0.099694 -0.00447217 0.0983841 -0.0462355 1 0.122039 1 0.0939996 -0.00447217 0.099694 -0.0110095 0.0757087 -0.0134253 -0.00447217 0.099694 -0.00897119 0.100228 -0.0576551 -0.0802234 -0.0577014 -0.0310235 -0.00447217 -0.029979 -0.00447217 -0.00447217 -0.0474866 -0.0142708 0.0288155 1 1 -0.00633091 -0.00447217 -0.0169543 -0.0476884 0.100228 -0.00633091 -0.0209149 0.122039 0.0288155 -0.0476884 0.100228 -0.00447217 -0.0130054 -0.0476884 -0.0110095 0.0757087 1 -0.0577014 0.100228 -0.00447217 0.312114 -0.0470628 0.100228 0.191968 -0.0577014 0.0847045 0.0960321 0.0279879 -0.0119036 0.0288155 0.0263762 -0.0542399 -0.0570865 0.893531 -0.0188487 0.893531 0.0982334 -0.00447217 0.0279879 0.0960321 0.0972006 -0.00447217 -0.0570865 -0.00203755 -0.0119036 0.0279879 0.0127383 -0.0100402 2.82377e-4 0.0279879 0.0923963 -0.00203755 0.893531 0.0850603 0.0923963 -0.0135247 0.0973197 -0.00447217 0.480146 -0.0110095 -0.0100402 -0.0560983 0.100251 -0.0203897 -0.00244128 0.0978116 0.0110095 0.0939514 0.0740027 -0.0135247 0.0984222 0.0251404 -0.0312306
0.170887 -0.0694224 0.0982745 -0.00667363 0.176311 -0.0288057 -0.0369848 -0.00667363 -0.0115822 -0.00667363 0.176311 -0.00860413 -0.025506 0.176311 -0.0190089 0.170887 0.122039 0.029462 0.122039 -0.0226332 -0.0694224 0.176311 -0.00667363 -0.0501355 -0.00525859 0.122039 1 0.122039 -0.0245803 -0.00667363 0.176311 -0.016429 0.439178 0.0424275 -0.00667363 0.176311 -0.0133873 0.177176 -0.068781 -0.0974611 -0.0689303 -0.046295 -0.00667363 -0.0447364 -0.00667363 -0.00667363 -0.00794307 -0.0212956 0.0345611 0.122039 0.122039 -0.00944735 -0.00667363 -0.0253002 -0.00735735 0.177176 -0.00944735 0.10471 1 0.0345611 -0.00735735 0.177176 -0.00667363 -0.019407400000000002 -0.00735735 0.10878 0.439178 0.122039 -0.0689303 0.177176 -0.00667363 -0.00944735 -0.00600145 0.177176 -0.0149825 -0.0474616 0.157729 0.747475 0.0333888 -0.0177632 0.0345611 0.031104 0.0322251 -0.0467462 0.139654 -0.0281271 0.139654 0.173885 -0.00667363 0.0333888 0.747475 0.172215 -0.00667363 -0.0467462 -0.00936034 -0.0177632 0.0333888 0.0190089 -0.0149825 -0.00600145 0.0333888 0.154603 -0.00936034 0.139654 0.13865 0.154603 0.0823603 0.152975 -0.00667363 0.648807 -0.016429 -0.0149825 -0.0453053 0.693029 -0.0304267 -0.00981283 0.157836 0.016429 0.147882 0.552931 -0.0201823 0.158786 0.029462 0.131677
-0.0141261 -0.0580349 -0.0119036 -0.00447217 0.099694 -0.0193035 -0.0247845 -0.00447217 -0.00776151 -0.00447217 0.099694 -0.0477981 -0.0170922 0.099694 -0.0127383 -0.0141261 1 0.0251404 1 -0.0151671 -0.0580349 0.099694 -0.00447217 0.0983841 -0.0462355 1 0.122039 1 0.0939996 -0.00447217 0.099694 -0.0110095 0.0757087 -0.0134253 -0.00447217 0.099694 -0.00897119 0.100228 -0.0576551 -0.0802234 -0.0577014 -0.0310235 -0.00447217 -0.029979 -0.00447217 -0.00447217 -0.0474866 -0.0142708 0.0288155 1 1 -0.00633091 -0.00447217 -0.0169543 -0.0476884 0.100228 -0.00633091 -0.0209149 0.122039 0.0288155 -0.0476884 0.100228 -0.00447217 -0.0130054 -0.0476884 -0.0110095 0.0757087 1 -0.0577014 0.100228 -0.00447217 0.312114 -0.0470628 0.100228 0.191968 -0.0577014 0.0847045 0.0960321 0.0279879 -0.0119036 0.0288155 0.0263762 -0.0542399 -0.0570865 0.893531 -0.0188487 0.893531 0.0982334 -0.00447217 0.0279879 0.0960321 0.0972006 -0.00447217 -0.0570865 -0.00203755 -0.0119036 0.0279879 0.0127383 -0.0100402 2.82377e-4 0.0279879 0.0923963 -0.00203755 0.893531 0.0850603 0.0923963 -0.0135247 0.0973197 -0.00447217 0.480146 -0.0110095 -0.0100402 -0.0560983 0.100251 -0.0203897 -0.00244128 0.0978116 0.0110095 0.0939514 0.0740027 -0.0135247 0.0984222 0.0251404 -0.0312306
0.141474 -0.129841 -0.0195291 -0.00733705 0.147697 -0.0316693 -0.0406615 -0.00733705 -0.0127335 -0.00733705 0.147697 -0.0025636499999999998 0.0307288 0.147697 -0.0208985 0.141474 0.0939996 0.528251 0.0939996 -0.0248832 -0.129841 0.147697 -0.00733705 -0.114743 0.00122592 0.0939996 -0.0245803 0.0939996 1 -0.00733705 0.147697 -0.0180622 0.491177 0.0828881 -0.00733705 0.147697 -0.0147181 0.148535 -0.129368 -0.0239688 -0.129283 -0.0508971 -0.00733705 0.0241182 -0.00733705 -0.00733705 -0.0018153 -0.0234126 0.557557 0.0939996 0.0939996 -0.0103865 -0.00733705 -0.027815200000000002 -0.0010738500000000001 0.148535 -0.0103865 -0.034313 -0.0245803 0.557557 -0.0010738500000000001 0.148535 -0.00733705 -0.0213366 -0.0010738500000000001 -0.0180622 0.491177 0.0939996 -0.129283 0.148535 -0.00733705 -0.0103865 4.63267e-4 0.148535 0.646357 -0.129283 -0.113608 -0.0297967 0.552413 -0.0195291 0.557557 0.542498 0.0451865 -0.128092 0.108669 -0.0309232 0.108669 0.145442 -0.00733705 0.552413 -0.0297967 0.143822 0.238699 -0.128092 -0.0033428 -0.0195291 0.552413 0.0208985 -0.0164719 4.63267e-4 0.552413 -0.118078 -0.0033428 0.108669 -0.112379 -0.118078 -0.0221886 0.144044 -0.00733705 0.0236535 -0.0180622 -0.0164719 -0.126441 -0.028821 -0.0334514 -0.00400516 0.144512 0.0180622 0.138652 -0.0359846 -0.0221886 0.145461 0.528251 -0.134804
0.0205295 0.0305607 -0.0053022 -0.00199203 0.00565034 -0.00859832 0.180442 -0.00199203 0.576199 -0.00199203 0.00565034 -0.0212906 -0.00761336 0.00565034 -0.00567402 0.0205295 -0.00447217 -0.0152465 -0.00447217 -0.00675587 0.0305607 0.00565034 -0.00199203 0.029765 -0.0205946 -0.00447217 -0.00667363 -0.00447217 -0.00733705 1 0.00565034 -0.00490394 -0.0160938 0.0282013 -0.00199203 0.00565034 -0.00399602 0.00579297 0.0309752 0.0373316 0.0306909 0.144154 -0.00199203 -0.0133535 -0.00199203 -0.00199203 -0.0211519 -0.0063566 -0.0148734 -0.00447217 -0.00447217 -0.00281997 -0.00199203 -0.00755193 -0.0212418 0.00579297 -0.00281997 -0.0093161 -0.00667363 -0.0148734 -0.0212418 0.00579297 -0.00199203 -0.00579297 -0.0212418 -0.00490394 -0.0160938 -0.00447217 0.0306909 0.00579297 -0.00199203 -0.00281997 -0.0209631 0.00579297 -0.00447217 0.0306909 0.0120142 -0.00808991 -0.0150365 -0.0053022 -0.0148734 -0.0153595 0.0195539 0.0306697 -0.00399602 -0.00839574 -0.00399602 0.0053454 -0.00199203 -0.0150365 -0.00808991 0.00506681 -0.00199203 0.0306697 -0.0216582 -0.0053022 -0.0150365 0.00567402 -0.00447217 -0.0209631 -0.0150365 0.0274282 -0.0216582 -0.00399602 0.0122385 0.0274282 -0.00602429 0.00518468 -0.00199203 -0.00839574 -0.00490394 -0.00447217 0.0310606 -0.00782499 -0.00908217 -0.0213455 0.0175719 0.00490394 0.00401185 -0.00976993 -0.00602429 0.017759 -0.0152465 0.0269289
0.784686 0.658809 0.0887235 0.00565034 1 -0.115016 0.130065 0.00565034 -0.0275614 0.00565034 1 0.359108 -0.148129 1 -0.0299023 0.784686 0.099694 0.23077 0.099694 -0.115647 0.663354 1 0.00565034 0.676826 0.348471 0.099694 0.176311 0.099694 0.147697 0.00565034 1 0.0139099 0.294536 0.377235 0.070244 1 0.0761221 0.99792 0.65631 -0.525096 0.658197 0.151218 0.00565034 0.239944 0.00565034 0.00565034 0.359649 -0.0644173 0.247606 0.099694 0.099694 -0.0834416 0.00565034 -0.170984 0.357375 0.99792 -0.0377214 0.141504 0.176311 0.247606 0.357375 0.99792 0.00565034 -0.115058 0.357375 -0.118603 0.294536 0.099694 0.658197 0.99792 0.00565034 0.0537189 0.351753 0.99792 0.099694 0.658197 0.873545 0.137713 0.25541 0.0396009 0.247606 0.244534 0.268609 0.640796 0.0761221 0.138442 0.0761221 0.962914 0.00565034 0.25541 0.137713 0.9673 0.070244 0.640796 0.362413 0.0641622 0.25541 0.0299023 0.0126852 0.358551 0.25541 0.674418 0.362413 0.0761221 0.854053 0.674418 0.0822023 0.965301 -0.0589433 0.15277 0.0934176 0.0126852 0.634532 0.140604 -0.0920381 0.367443 0.729426 0.0390952 0.931761 0.0552599 -0.0697317 0.727239 0.23077 0.630073
