1 -0.100683 -0.201228 -0.209344 -0.201228 -0.201228 0.576123 0.575452 -0.201228 -0.110417 -0.201228 -0.145677 -0.201228 -0.201228 -0.438413 -0.201228 -0.0768702 0.659347 -0.201228 0.575452 -0.148117 -0.431067 -0.148117 -0.153423 -0.148117 -0.129941 -0.196627 -0.196627 0.167367 -0.144846 -0.148117 -0.148117 -0.201228 0.253538 0.0739913 0.65392 0.655184 0.333406 0.910243 0.912096 0.991471 -0.157194 0.56888 -0.201228 0.870577 0.148282 -0.129941 0.520475 0.520475 -0.129941 -0.429815 -0.135141 0.957074 0.708301 -0.190681 -0.167283 -0.414753 -0.135141 -0.132594 0.703986 -0.132341 -0.132594 0.285121 -0.132594 0.649205 0.703986 -0.135141 0.703986 -0.132594 -0.132594 0.952777
-0.100683 1 0.0207772 0.079769 0.0207772 0.0207772 -0.0922114 -0.0920266 0.0207772 -0.0149825 0.0207772 -0.0325739 0.0207772 0.0207772 -0.079288 0.0207772 -0.0198529 -0.09988 0.0207772 -0.0920266 -0.0306687 -0.0787472 -0.0306687 -0.0342288 -0.0306687 0.0821707 0.0214976 0.0214976 -0.0156646 -0.0203897 -0.0306687 -0.0306687 0.0207772 -0.234156 -0.00897119 -0.100409 -0.09988 -0.209137 -0.110364 -0.109959 -0.101429 -0.0338673 -0.0636364 0.0207772 -0.0889678 -0.0156646 0.0821707 -0.169898 -0.169898 0.0821707 0.00616485 -0.0282745 -0.100803 0.058034 0.0252734 -0.0312712 -0.0783395 -0.0282745 -0.0302785 0.0572489 -0.0181621 -0.0302785 -0.0155462 -0.0302785 0.0449439 0.0572489 -0.0282745 0.0572489 -0.0302785 -0.0302785 -0.100803
-0.201228 0.0207772 1 -0.0608767 1 1 0.197303 0.198636 1 -0.0167851 1 0.772207 1 1 -0.16818 1 -0.0444608 -0.294138 1 0.198636 0.820699 -0.174865 0.820699 -0.0775638 0.820699 0.519136 0.99145 0.99145 -0.0210191 -0.0770408 0.820699 0.820699 1 0.0634647 -0.0338968 -0.295933 -0.294138 -0.545116 -0.217395 -0.216084 -0.20376 -0.0758461 0.197663 1 0.290369 -0.0591874 0.519136 0.149821 0.149821 0.519136 0.414755 0.762284 -0.157459 -0.196381 0.94815 -0.0998685 -0.164572 0.762284 -0.0540422 -0.197701 -0.0354336 -0.0540422 0.0995635 -0.0540422 -0.219071 -0.197701 0.762284 -0.197701 -0.0540422 -0.0540422 -0.157459
-0.209344 0.079769 -0.0608767 1 -0.0608767 -0.0608767 0.137149 0.138441 -0.0608767 -0.0581092 -0.0608767 -0.0300529 -0.0608767 -0.0608767 -0.0987705 -0.0608767 -0.0461135 0.164705 -0.0608767 0.138441 -0.0585127 -0.105087 -0.0585127 -0.0804231 -0.0585127 -0.0188117 -0.0589886 -0.0589886 -0.0607549 -0.0188117 -0.0585127 -0.0585127 -0.0608767 0.0676033 -0.0347945 0.164 0.164705 0.0932209 -0.226257 -0.224908 -0.203308 -0.0786654 0.137031 -0.0608767 -0.228518 0.0164161 -0.0188117 -0.336979 -0.336979 -0.0188117 0.368113 -0.045373 -0.208538 -0.264327 -0.0492324 -0.0473377 -0.114033 -0.045373 -0.0564122 -0.257227 -0.0704412 -0.0564122 -0.558687 -0.0564122 -0.279434 -0.257227 -0.045373 -0.257227 -0.0564122 -0.0564122 -0.208538
-0.201228 0.0207772 1 -0.0608767 1 1 0.197303 0.198636 1 -0.0167851 1 0.772207 1 1 -0.16818 1 -0.0444608 -0.294138 1 0.198636 0.820699 -0.174865 0.820699 -0.0775638 0.820699 0.519136 0.99145 0.99145 -0.0210191 -0.0770408 0.820699 0.820699 1 0.0634647 -0.0338968 -0.295933 -0.294138 -0.545116 -0.217395 -0.216084 -0.20376 -0.0758461 0.197663 1 0.290369 -0.0591874 0.519136 0.149821 0.149821 0.519136 0.414755 0.762284 -0.157459 -0.196381 0.94815 -0.0998685 -0.164572 0.762284 -0.0540422 -0.197701 -0.0354336 -0.0540422 0.0995635 -0.0540422 -0.219071 -0.197701 0.762284 -0.197701 -0.0540422 -0.0540422 -0.157459
-0.201228 0.0207772 1 -0.0608767 1 1 0.197303 0.198636 1 -0.0167851 1 0.772207 1 1 -0.16818 1 -0.0444608 -0.294138 1 0.198636 0.820699 -0.174865 0.820699 -0.0775638 0.820699 0.519136 0.99145 0.99145 -0.0210191 -0.0770408 0.820699 0.820699 1 0.0634647 -0.0338968 -0.295933 -0.294138 -0.545116 -0.217395 -0.216084 -0.20376 -0.0758461 0.197663 1 0.290369 -0.0591874 0.519136 0.149821 0.149821 0.519136 0.414755 0.762284 -0.157459 -0.196381 0.94815 -0.0998685 -0.164572 0.762284 -0.0540422 -0.197701 -0.0354336 -0.0540422 0.0995635 -0.0540422 -0.219071 -0.197701 0.762284 -0.197701 -0.0540422 -0.0540422 -0.157459
0.576123 -0.0922114 0.197303 0.137149 0.197303 0.197303 1 0.997872 0.197303 0.0494519 0.197303 0.167219 0.197303 0.197303 -0.733829 0.197303 -0.112111 0.876867 0.197303 0.997872 0.186314 -0.729835 0.186314 0.247795 0.186314 0.0659453 0.200529 0.200529 0.0811779 -0.276633 0.186314 0.186314 0.197303 0.475228 0.00280118 0.873882 0.876867 0.281145 0.632882 0.63729 0.57082599999999994 0.242784 0.993593 0.197303 0.654522 0.10025 0.0659453 0.0103751 0.0103751 0.0659453 0.461837 0.159765 0.560673 0.2305 0.17318 -0.305477 -0.697912 0.159765 0.190423 0.227732 0.0554237 0.190423 -0.306179 0.190423 0.303958 0.227732 0.159765 0.227732 0.190423 0.190423 0.556379
0.575452 -0.0920266 0.198636 0.138441 0.198636 0.198636 0.997872 1 0.198636 0.0499451 0.198636 0.168361 0.198636 0.198636 -0.732376 0.198636 -0.111664 0.878292 0.198636 1 0.187423 -0.728394 0.187423 0.240447 0.187423 0.0666149 0.201855 0.201855 0.0817277 -0.276361 0.187423 0.187423 0.198636 0.474076 0.00306531 0.871139 0.874127 0.27938 0.628506 0.632916 0.570164 0.23536 0.991442 0.198636 0.654527 0.100822 0.0666149 0.0117674 0.0117674 0.0666149 0.460373 0.160773 0.559957 0.230712 0.174424 -0.304923 -0.696445 0.160773 0.18146 0.227957 0.0560163 0.18146 -0.308345 0.18146 0.300573 0.227957 0.160773 0.227957 0.18146 0.18146 0.555659
-0.201228 0.0207772 1 -0.0608767 1 1 0.197303 0.198636 1 -0.0167851 1 0.772207 1 1 -0.16818 1 -0.0444608 -0.294138 1 0.198636 0.820699 -0.174865 0.820699 -0.0775638 0.820699 0.519136 0.99145 0.99145 -0.0210191 -0.0770408 0.820699 0.820699 1 0.0634647 -0.0338968 -0.295933 -0.294138 -0.545116 -0.217395 -0.216084 -0.20376 -0.0758461 0.197663 1 0.290369 -0.0591874 0.519136 0.149821 0.149821 0.519136 0.414755 0.762284 -0.157459 -0.196381 0.94815 -0.0998685 -0.164572 0.762284 -0.0540422 -0.197701 -0.0354336 -0.0540422 0.0995635 -0.0540422 -0.219071 -0.197701 0.762284 -0.197701 -0.0540422 -0.0540422 -0.157459
-0.110417 -0.0149825 -0.0167851 -0.0581092 -0.0167851 -0.0167851 0.0494519 0.0499451 -0.0167851 1 -0.0167851 -0.0486086 -0.0167851 -0.0167851 -0.00879656 -0.0167851 0.0416744 0.0568948 -0.0167851 0.0499451 -0.0457655 -0.00739917 -0.0457655 -0.0510781 -0.0457655 0.0391398 -0.0160161 -0.0160161 -0.0233756 -0.0304267 -0.0457655 -0.0457655 -0.0167851 0.0591091 -0.0133873 0.0566076 0.0568948 0.0596995 -0.125872 -0.12531 -0.111467 -0.0505387 0.049382 -0.0167851 -0.117166 -0.0233756 0.0391398 -0.133114 -0.133114 0.0391398 0.16642 -0.0421929 -0.110317 0.059973 -0.012033 0.0386892 -0.00736086 -0.0421929 -0.0451833 0.0589068 0.824932 -0.0451833 0.0401339 -0.0451833 0.040597 0.0589068 -0.0421929 0.0589068 -0.0451833 -0.0451833 -0.110317
-0.201228 0.0207772 1 -0.0608767 1 1 0.197303 0.198636 1 -0.0167851 1 0.772207 1 1 -0.16818 1 -0.0444608 -0.294138 1 0.198636 0.820699 -0.174865 0.820699 -0.0775638 0.820699 0.519136 0.99145 0.99145 -0.0210191 -0.0770408 0.820699 0.820699 1 0.0634647 -0.0338968 -0.295933 -0.294138 -0.545116 -0.217395 -0.216084 -0.20376 -0.0758461 0.197663 1 0.290369 -0.0591874 0.519136 0.149821 0.149821 0.519136 0.414755 0.762284 -0.157459 -0.196381 0.94815 -0.0998685 -0.164572 0.762284 -0.0540422 -0.197701 -0.0354336 -0.0540422 0.0995635 -0.0540422 -0.219071 -0.197701 0.762284 -0.197701 -0.0540422 -0.0540422 -0.157459
-0.145677 -0.0325739 0.772207 -0.0300529 0.772207 0.772207 0.167219 0.168361 0.772207 -0.0486086 0.772207 1 0.772207 0.772207 -0.100084 0.772207 -0.0303066 -0.212533 0.772207 0.168361 0.94596 -0.108015 0.94596 -0.0725274 0.94596 -0.0661517 0.779058 0.779058 -0.0508217 -0.0661517 0.94596 0.94596 0.772207 0.108773 -0.0291058 -0.213978 -0.212533 -0.370736 -0.163102 -0.162002 -0.147808 -0.0710928 0.167512 0.772207 0.233547 -0.0508217 -0.0661517 0.153853 0.153853 -0.0661517 0.324865 0.878424 -0.0968352 -0.175623 0.696689 -0.0810422 -0.0969772 0.878424 -0.0533145 -0.176728 -0.0589244 -0.0533145 0.0505379 -0.0533145 -0.197847 -0.176728 0.878424 -0.176728 -0.0533145 -0.0533145 -0.0968352
-0.201228 0.0207772 1 -0.0608767 1 1 0.197303 0.198636 1 -0.0167851 1 0.772207 1 1 -0.16818 1 -0.0444608 -0.294138 1 0.198636 0.820699 -0.174865 0.820699 -0.0775638 0.820699 0.519136 0.99145 0.99145 -0.0210191 -0.0770408 0.820699 0.820699 1 0.0634647 -0.0338968 -0.295933 -0.294138 -0.545116 -0.217395 -0.216084 -0.20376 -0.0758461 0.197663 1 0.290369 -0.0591874 0.519136 0.149821 0.149821 0.519136 0.414755 0.762284 -0.157459 -0.196381 0.94815 -0.0998685 -0.164572 0.762284 -0.0540422 -0.197701 -0.0354336 -0.0540422 0.0995635 -0.0540422 -0.219071 -0.197701 0.762284 -0.197701 -0.0540422 -0.0540422 -0.157459
-0.201228 0.0207772 1 -0.0608767 1 1 0.197303 0.198636 1 -0.0167851 1 0.772207 1 1 -0.16818 1 -0.0444608 -0.294138 1 0.198636 0.820699 -0.174865 0.820699 -0.0775638 0.820699 0.519136 0.99145 0.99145 -0.0210191 -0.0770408 0.820699 0.820699 1 0.0634647 -0.0338968 -0.295933 -0.294138 -0.545116 -0.217395 -0.216084 -0.20376 -0.0758461 0.197663 1 0.290369 -0.0591874 0.519136 0.149821 0.149821 0.519136 0.414755 0.762284 -0.157459 -0.196381 0.94815 -0.0998685 -0.164572 0.762284 -0.0540422 -0.197701 -0.0354336 -0.0540422 0.0995635 -0.0540422 -0.219071 -0.197701 0.762284 -0.197701 -0.0540422 -0.0540422 -0.157459
-0.438413 -0.079288 -0.16818 -0.0987705 -0.16818 -0.16818 -0.733829 -0.732376 -0.16818 -0.00879656 -0.16818 -0.100084 -0.16818 -0.16818 1 -0.16818 0.212904 -0.632164 -0.16818 -0.732376 -0.132591 0.992276 -0.132591 -0.1754 -0.132591 -0.0954383 -0.174065 -0.174065 -0.0607256 0.314444 -0.132591 -0.132591 -0.16818 0.248985 -0.0347778 -0.62678 -0.632164 0.309805 -0.48273 -0.489096 -0.434332 -0.1719 -0.732168 -0.16818 -0.506854 -0.0817187 -0.0954383 0.398275 0.398275 -0.0954383 -0.32285 -0.106694 -0.427404 -0.56286 -0.146283 0.396762 0.961321 -0.106694 -0.150578 -0.56055 0.00261305 -0.150578 0.199386 -0.150578 -0.620075 -0.56055 -0.106694 -0.56055 -0.150578 -0.150578 -0.422678
-0.201228 0.0207772 1 -0.0608767 1 1 0.197303 0.198636 1 -0.0167851 1 0.772207 1 1 -0.16818 1 -0.0444608 -0.294138 1 0.198636 0.820699 -0.174865 0.820699 -0.0775638 0.820699 0.519136 0.99145 0.99145 -0.0210191 -0.0770408 0.820699 0.820699 1 0.0634647 -0.0338968 -0.295933 -0.294138 -0.545116 -0.217395 -0.216084 -0.20376 -0.0758461 0.197663 1 0.290369 -0.0591874 0.519136 0.149821 0.149821 0.519136 0.414755 0.762284 -0.157459 -0.196381 0.94815 -0.0998685 -0.164572 0.762284 -0.0540422 -0.197701 -0.0354336 -0.0540422 0.0995635 -0.0540422 -0.219071 -0.197701 0.762284 -0.197701 -0.0540422 -0.0540422 -0.157459
-0.0768702 -0.0198529 -0.0444608 -0.0461135 -0.0444608 -0.0444608 -0.112111 -0.111664 -0.0444608 0.0416744 -0.0444608 -0.0303066 -0.0444608 -0.0444608 0.212904 -0.0444608 1 -0.0872046 -0.0444608 -0.111664 -0.0249664 0.215967 -0.0249664 -0.0367892 -0.0249664 -0.0403177 -0.0435842 -0.0435842 -0.0309745 0.0130502 -0.0249664 -0.0249664 -0.0444608 0.115916 -0.0177392 -0.0879817 -0.0872046 0.123983 -0.0991084 -0.0984382 -0.0781497 -0.0358644 -0.113528 -0.0444608 -0.0981499 -0.0309745 -0.0403177 0.0972736 0.0972736 -0.0403177 -0.0432259 -0.0179572 -0.0608646 -0.127465 -0.0390741 0.461998 0.198041 -0.0179572 -0.0598713 -0.128058 0.0235087 -0.0598713 0.00165011 -0.0598713 -0.151913 -0.128058 -0.0179572 -0.128058 -0.0598713 -0.0598713 -0.0608646
0.659347 -0.09988 -0.294138 0.164705 -0.294138 -0.294138 0.876867 0.878292 -0.294138 0.0568948 -0.294138 -0.212533 -0.294138 -0.294138 -0.632164 -0.294138 -0.0872046 1 -0.294138 0.878292 -0.217601 -0.625019 -0.217601 0.272322 -0.217601 -0.188296 -0.286827 -0.286827 0.0899546 -0.231922 -0.217601 -0.217601 -0.294138 0.431355 0.0195257 0.9939 0.995939 0.538382 0.718971 0.722632 0.655425 0.266523 0.87042 -0.294138 0.496637 0.127195 -0.188296 -0.0616142 -0.0616142 -0.188296 0.246617 -0.215092 0.622883 0.320793 -0.292454 -0.248639 -0.598884 -0.215092 0.203323 0.31875 0.071913 0.203323 -0.349268 0.203323 0.39999 0.31875 -0.215092 0.31875 0.203323 0.203323 0.618691
-0.201228 0.0207772 1 -0.0608767 1 1 0.197303 0.198636 1 -0.0167851 1 0.772207 1 1 -0.16818 1 -0.0444608 -0.294138 1 0.198636 0.820699 -0.174865 0.820699 -0.0775638 0.820699 0.519136 0.99145 0.99145 -0.0210191 -0.0770408 0.820699 0.820699 1 0.0634647 -0.0338968 -0.295933 -0.294138 -0.545116 -0.217395 -0.216084 -0.20376 -0.0758461 0.197663 1 0.290369 -0.0591874 0.519136 0.149821 0.149821 0.519136 0.414755 0.762284 -0.157459 -0.196381 0.94815 -0.0998685 -0.164572 0.762284 -0.0540422 -0.197701 -0.0354336 -0.0540422 0.0995635 -0.0540422 -0.219071 -0.197701 0.762284 -0.197701 -0.0540422 -0.0540422 -0.157459
0.575452 -0.0920266 0.198636 0.138441 0.198636 0.198636 0.997872 1 0.198636 0.0499451 0.198636 0.168361 0.198636 0.198636 -0.732376 0.198636 -0.111664 0.878292 0.198636 1 0.187423 -0.728394 0.187423 0.240447 0.187423 0.0666149 0.201855 0.201855 0.0817277 -0.276361 0.187423 0.187423 0.198636 0.474076 0.00306531 0.871139 0.874127 0.27938 0.628506 0.632916 0.570164 0.23536 0.991442 0.198636 0.654527 0.100822 0.0666149 0.0117674 0.0117674 0.0666149 0.460373 0.160773 0.559957 0.230712 0.174424 -0.304923 -0.696445 0.160773 0.18146 0.227957 0.0560163 0.18146 -0.308345 0.18146 0.300573 0.227957 0.160773 0.227957 0.18146 0.18146 0.555659
-0.148117 -0.0306687 0.820699 -0.0585127 0.820699 0.820699 0.186314 0.187423 0.820699 -0.0457655 0.820699 0.94596 0.820699 0.820699 -0.132591 0.820699 -0.0249664 -0.217601 0.820699 0.187423 1 -0.141367 1 -0.0642554 1 -0.0622825 0.82775 0.82775 -0.0478492 -0.0622825 1 1 0.820699 0.0938938 -0.0274034 -0.219003 -0.217601 -0.412255 -0.162303 -0.161257 -0.150141 -0.0628773 0.186805 0.820699 0.255005 -0.0478492 -0.0622825 0.145894 0.145894 -0.0622825 0.348387 0.928536 -0.097192 -0.165351 0.740989 -0.0741667 -0.129673 0.928536 -0.045497 -0.166392 -0.0554779 -0.045497 0.0581453 -0.045497 -0.184383 -0.166392 0.928536 -0.166392 -0.045497 -0.045497 -0.097192
-0.431067 -0.0787472 -0.174865 -0.105087 -0.174865 -0.174865 -0.729835 -0.728394 -0.174865 -0.00739917 -0.174865 -0.108015 -0.174865 -0.174865 0.992276 -0.174865 0.215967 -0.625019 -0.174865 -0.728394 -0.141367 1 -0.141367 -0.173045 -0.141367 -0.0939865 -0.180875 -0.180875 -0.0595424 0.318106 -0.141367 -0.141367 -0.174865 0.244674 -0.0341001 -0.624168 -0.625019 0.310184 -0.479288 -0.481129 -0.431619 -0.169561 -0.732828 -0.174865 -0.507474 -0.0806486 -0.0939865 0.39516 0.39516 -0.0939865 -0.326192 -0.116265 -0.419987 -0.552562 -0.153437 0.401916 0.953293 -0.116265 -0.14847 -0.550239 0.00437856 -0.14847 0.20071 -0.14847 -0.608935 -0.550239 -0.116265 -0.550239 -0.14847 -0.14847 -0.415235
-0.148117 -0.0306687 0.820699 -0.0585127 0.820699 0.820699 0.186314 0.187423 0.820699 -0.0457655 0.820699 0.94596 0.820699 0.820699 -0.132591 0.820699 -0.0249664 -0.217601 0.820699 0.187423 1 -0.141367 1 -0.0642554 1 -0.0622825 0.82775 0.82775 -0.0478492 -0.0622825 1 1 0.820699 0.0938938 -0.0274034 -0.219003 -0.217601 -0.412255 -0.162303 -0.161257 -0.150141 -0.0628773 0.186805 0.820699 0.255005 -0.0478492 -0.0622825 0.145894 0.145894 -0.0622825 0.348387 0.928536 -0.097192 -0.165351 0.740989 -0.0741667 -0.129673 0.928536 -0.045497 -0.166392 -0.0554779 -0.045497 0.0581453 -0.045497 -0.184383 -0.166392 0.928536 -0.166392 -0.045497 -0.045497 -0.097192
-0.153423 -0.0342288 -0.0775638 -0.0804231 -0.0775638 -0.0775638 0.247795 0.240447 -0.0775638 -0.0510781 -0.0775638 -0.0725274 -0.0775638 -0.0775638 -0.1754 -0.0775638 -0.0367892 0.272322 -0.0775638 0.240447 -0.0642554 -0.173045 -0.0642554 1 -0.0642554 -0.0393704 -0.0760582 -0.0760582 -0.0148088 -0.0695124 -0.0642554 -0.0642554 -0.0775638 0.1261 -0.0305844 0.280451 0.28074 0.152347 0.187206 0.18797 -0.14702 0.991257 0.24864 -0.0775638 -0.18167 -0.0148088 -0.0393704 -0.35972 -0.35972 -0.0393704 0.427901 -0.0535233 -0.152499 -0.232344 -0.0683136 -0.0696268 -0.172149 -0.0535233 0.812331 -0.233317 -0.0283568 0.812331 -0.119316 0.812331 0.0942368 -0.233317 -0.0535233 -0.233317 0.812331 0.812331 -0.152499
-0.148117 -0.0306687 0.820699 -0.0585127 0.820699 0.820699 0.186314 0.187423 0.820699 -0.0457655 0.820699 0.94596 0.820699 0.820699 -0.132591 0.820699 -0.0249664 -0.217601 0.820699 0.187423 1 -0.141367 1 -0.0642554 1 -0.0622825 0.82775 0.82775 -0.0478492 -0.0622825 1 1 0.820699 0.0938938 -0.0274034 -0.219003 -0.217601 -0.412255 -0.162303 -0.161257 -0.150141 -0.0628773 0.186805 0.820699 0.255005 -0.0478492 -0.0622825 0.145894 0.145894 -0.0622825 0.348387 0.928536 -0.097192 -0.165351 0.740989 -0.0741667 -0.129673 0.928536 -0.045497 -0.166392 -0.0554779 -0.045497 0.0581453 -0.045497 -0.184383 -0.166392 0.928536 -0.166392 -0.045497 -0.045497 -0.097192
-0.129941 0.0821707 0.519136 -0.0188117 0.519136 0.519136 0.0659453 0.0666149 0.519136 0.0391398 0.519136 -0.0661517 0.519136 0.519136 -0.0954383 0.519136 -0.0403177 -0.188296 0.519136 0.0666149 -0.0622825 -0.0939865 -0.0622825 -0.0393704 -0.0622825 1 0.493654 0.493654 0.0348607 -0.0414079 -0.0622825 -0.0622825 0.519136 -0.0295938 -0.0182189 -0.189335 -0.188296 -0.335527 -0.136961 -0.136234 -0.131337 -0.0384314 0.0658401 0.519136 0.125761 -0.031812 1 0.0434689 0.0434689 1 0.20335 -0.0574205 -0.129662 -0.0956948 0.547802 -0.0635061 -0.0934999 -0.0574205 -0.0263429 -0.0964434 0.021093 -0.0263429 0.0869396 -0.0263429 -0.10686 -0.0964434 -0.0574205 -0.0964434 -0.0263429 -0.0263429 -0.129662
-0.196627 0.0214976 0.99145 -0.0589886 0.99145 0.99145 0.200529 0.201855 0.99145 -0.0160161 0.99145 0.779058 0.99145 0.99145 -0.174065 0.99145 -0.0435842 -0.286827 0.99145 0.201855 0.82775 -0.180875 0.82775 -0.0760582 0.82775 0.493654 1 1 -0.0202373 -0.0763414 0.82775 0.82775 0.99145 0.0604417 -0.0335891 -0.288595 -0.286827 -0.542539 -0.212331 -0.211035 -0.199132 -0.0743506 0.200923 0.99145 0.290708 -0.0586501 0.493654 0.144604 0.144604 0.493654 0.413386 0.768821 -0.15257 -0.189551 0.938443 -0.0986787 -0.170491 0.768821 -0.052617 -0.190879 -0.0345981 -0.052617 0.0965588 -0.052617 -0.211689 -0.190879 0.768821 -0.190879 -0.052617 -0.052617 -0.15257
-0.196627 0.0214976 0.99145 -0.0589886 0.99145 0.99145 0.200529 0.201855 0.99145 -0.0160161 0.99145 0.779058 0.99145 0.99145 -0.174065 0.99145 -0.0435842 -0.286827 0.99145 0.201855 0.82775 -0.180875 0.82775 -0.0760582 0.82775 0.493654 1 1 -0.0202373 -0.0763414 0.82775 0.82775 0.99145 0.0604417 -0.0335891 -0.288595 -0.286827 -0.542539 -0.212331 -0.211035 -0.199132 -0.0743506 0.200923 0.99145 0.290708 -0.0586501 0.493654 0.144604 0.144604 0.493654 0.413386 0.768821 -0.15257 -0.189551 0.938443 -0.0986787 -0.170491 0.768821 -0.052617 -0.190879 -0.0345981 -0.052617 0.0965588 -0.052617 -0.211689 -0.190879 0.768821 -0.190879 -0.052617 -0.052617 -0.15257
0.167367 -0.0156646 -0.0210191 -0.0607549 -0.0210191 -0.0210191 0.0811779 0.0817277 -0.0210191 -0.0233756 -0.0210191 -0.0508217 -0.0210191 -0.0210191 -0.0607256 -0.0210191 -0.0309745 0.0899546 -0.0210191 0.0817277 -0.0478492 -0.0595424 -0.0478492 -0.0148088 -0.0478492 0.0348607 -0.0202373 -0.0202373 1 0.0348607 -0.0478492 -0.0478492 -0.0210191 0.0370821 -0.0139968 0.0897287 0.0899546 0.0437294 0.162648 0.162913 0.166724 -0.0139824 0.0813244 -0.0210191 0.15267 -0.0244399 0.0348607 0.105028 0.105028 0.0348607 -0.0962648 -0.0441139 0.169462 0.130649 -0.0161928 -0.0487892 -0.0802311 -0.0441139 -0.00223676 0.129265 -0.0283364 -0.00223676 0.0718505 -0.00223676 0.128109 0.129265 -0.0441139 0.129265 -0.00223676 -0.00223676 0.169462
-0.144846 -0.0203897 -0.0770408 -0.0188117 -0.0770408 -0.0770408 -0.276633 -0.276361 -0.0770408 -0.0304267 -0.0770408 -0.0661517 -0.0770408 -0.0770408 0.314444 -0.0770408 0.0130502 -0.231922 -0.0770408 -0.276361 -0.0622825 0.318106 -0.0622825 -0.0695124 -0.0622825 -0.0414079 -0.0763414 -0.0763414 0.0348607 1 -0.0622825 -0.0622825 -0.0770408 0.0128761 -0.0182189 -0.233068 -0.231922 0.0569201 -0.166017 -0.165258 -0.146266 -0.0687783 -0.279291 -0.0770408 -0.180677 -0.031812 -0.0414079 0.105629 0.105629 -0.0414079 -0.146506 -0.0574205 -0.144672 -0.152642 -0.0727936 0.511478 0.250865 -0.0574205 -0.0614902 -0.153165 -0.0368839 -0.0614902 0.00793216 -0.0614902 -0.177622 -0.153165 -0.0574205 -0.153165 -0.0614902 -0.0614902 -0.144672
-0.148117 -0.0306687 0.820699 -0.0585127 0.820699 0.820699 0.186314 0.187423 0.820699 -0.0457655 0.820699 0.94596 0.820699 0.820699 -0.132591 0.820699 -0.0249664 -0.217601 0.820699 0.187423 1 -0.141367 1 -0.0642554 1 -0.0622825 0.82775 0.82775 -0.0478492 -0.0622825 1 1 0.820699 0.0938938 -0.0274034 -0.219003 -0.217601 -0.412255 -0.162303 -0.161257 -0.150141 -0.0628773 0.186805 0.820699 0.255005 -0.0478492 -0.0622825 0.145894 0.145894 -0.0622825 0.348387 0.928536 -0.097192 -0.165351 0.740989 -0.0741667 -0.129673 0.928536 -0.045497 -0.166392 -0.0554779 -0.045497 0.0581453 -0.045497 -0.184383 -0.166392 0.928536 -0.166392 -0.045497 -0.045497 -0.097192
-0.148117 -0.0306687 0.820699 -0.0585127 0.820699 0.820699 0.186314 0.187423 0.820699 -0.0457655 0.820699 0.94596 0.820699 0.820699 -0.132591 0.820699 -0.0249664 -0.217601 0.820699 0.187423 1 -0.141367 1 -0.0642554 1 -0.0622825 0.82775 0.82775 -0.0478492 -0.0622825 1 1 0.820699 0.0938938 -0.0274034 -0.219003 -0.217601 -0.412255 -0.162303 -0.161257 -0.150141 -0.0628773 0.186805 0.820699 0.255005 -0.0478492 -0.0622825 0.145894 0.145894 -0.0622825 0.348387 0.928536 -0.097192 -0.165351 0.740989 -0.0741667 -0.129673 0.928536 -0.045497 -0.166392 -0.0554779 -0.045497 0.0581453 -0.045497 -0.184383 -0.166392 0.928536 -0.166392 -0.045497 -0.045497 -0.097192
-0.201228 0.0207772 1 -0.0608767 1 1 0.197303 0.198636 1 -0.0167851 1 0.772207 1 1 -0.16818 1 -0.0444608 -0.294138 1 0.198636 0.820699 -0.174865 0.820699 -0.0775638 0.820699 0.519136 0.99145 0.99145 -0.0210191 -0.0770408 0.820699 0.820699 1 0.0634647 -0.0338968 -0.295933 -0.294138 -0.545116 -0.217395 -0.216084 -0.20376 -0.0758461 0.197663 1 0.290369 -0.0591874 0.519136 0.149821 0.149821 0.519136 0.414755 0.762284 -0.157459 -0.196381 0.94815 -0.0998685 -0.164572 0.762284 -0.0540422 -0.197701 -0.0354336 -0.0540422 0.0995635 -0.0540422 -0.219071 -0.197701 0.762284 -0.197701 -0.0540422 -0.0540422 -0.157459
0.253538 -0.234156 0.0634647 0.0676033 0.0634647 0.0634647 0.475228 0.474076 0.0634647 0.0591091 0.0634647 0.108773 0.0634647 0.0634647 0.248985 0.0634647 0.115916 0.431355 0.0634647 0.474076 0.0938938 0.244674 0.0938938 0.1261 0.0938938 -0.0295938 0.0604417 0.0604417 0.0370821 0.0128761 0.0938938 0.0938938 0.0634647 1 -0.0410501 0.434074 0.431355 0.802075 0.277058 0.275096 0.25127 0.123488 0.468246 0.0634647 0.276664 0.0370821 -0.0295938 0.53063 0.53063 -0.0295938 0.240277 0.0895841 0.245769 -0.40039 0.0574351 0.0783691 0.250095 0.0895841 0.0764547 -0.401344 0.0824004 0.0764547 -0.178268 0.0764547 -0.369766 -0.401344 0.0895841 -0.401344 0.0764547 0.0764547 0.245769
0.0739913 -0.00897119 -0.0338968 -0.0347945 -0.0338968 -0.0338968 0.00280118 0.00306531 -0.0338968 -0.0133873 -0.0338968 -0.0291058 -0.0338968 -0.0338968 -0.0347778 -0.0338968 -0.0177392 0.0195257 -0.0338968 0.00306531 -0.0274034 -0.0341001 -0.0274034 -0.0305844 -0.0274034 -0.0182189 -0.0335891 -0.0335891 -0.0139968 -0.0182189 -0.0274034 -0.0274034 -0.0338968 -0.0410501 1 0.0193183 0.0195257 -0.0141994 0.0611886 0.0613755 0.0735879 -0.0302615 0.00255953 -0.0338968 0.0553328 -0.0139968 -0.0182189 0.0259631 0.0259631 -0.0182189 -0.0784542 -0.0252642 0.0750373 0.095703 -0.0320281 -0.0279418 -0.0339236 -0.0252642 -0.0270548 0.0948277 -0.0162284 -0.0270548 0.0556332 -0.0270548 0.0837465 0.0948277 -0.0252642 0.0948277 -0.0270548 -0.0270548 0.0750373
0.65392 -0.100409 -0.295933 0.164 -0.295933 -0.295933 0.873882 0.871139 -0.295933 0.0566076 -0.295933 -0.213978 -0.295933 -0.295933 -0.62678 -0.295933 -0.0879817 0.9939 -0.295933 0.871139 -0.219003 -0.624168 -0.219003 0.280451 -0.219003 -0.189335 -0.288595 -0.288595 0.0897287 -0.233068 -0.219003 -0.219003 -0.295933 0.434074 0.0193183 1 0.997971 0.541741 0.725722 0.725332 0.65832 0.274707 0.875776 -0.295933 0.498587 0.12706 -0.189335 -0.0631138 -0.0631138 -0.189335 0.249174 -0.21642 0.621537 0.317645 -0.294187 -0.250135 -0.597981 -0.21642 0.212798 0.315597 0.0715721 0.212798 -0.34835 0.212798 0.400659 0.315597 -0.21642 0.315597 0.212798 0.212798 0.617335
0.655184 -0.09988 -0.294138 0.164705 -0.294138 -0.294138 0.876867 0.874127 -0.294138 0.0568948 -0.294138 -0.212533 -0.294138 -0.294138 -0.632164 -0.294138 -0.0872046 0.995939 -0.294138 0.874127 -0.217601 -0.625019 -0.217601 0.28074 -0.217601 -0.188296 -0.286827 -0.286827 0.0899546 -0.231922 -0.217601 -0.217601 -0.294138 0.431355 0.0195257 0.997971 1 0.538382 0.723029 0.726685 0.655425 0.274999 0.874611 -0.294138 0.496637 0.127195 -0.188296 -0.0659542 -0.0659542 -0.188296 0.251058 -0.215092 0.622883 0.320793 -0.292454 -0.248639 -0.603464 -0.215092 0.213139 0.31875 0.071913 0.213139 -0.349268 0.213139 0.403943 0.31875 -0.215092 0.31875 0.213139 0.213139 0.618691
0.333406 -0.209137 -0.545116 0.0932209 -0.545116 -0.545116 0.281145 0.27938 -0.545116 0.0596995 -0.545116 -0.370736 -0.545116 -0.545116 0.309805 -0.545116 0.123983 0.538382 -0.545116 0.27938 -0.412255 0.310184 -0.412255 0.152347 -0.412255 -0.335527 -0.542539 -0.542539 0.0437294 0.0569201 -0.412255 -0.412255 -0.545116 0.802075 -0.0141994 0.541741 0.538382 1 0.362839 0.360406 0.333017 0.149125 0.275064 -0.545116 0.0586474 0.0665705 -0.335527 0.356101 0.356101 -0.335527 -0.0463564 -0.380918 0.300687 -0.218828 -0.519153 0.125599 0.308578 -0.380918 0.0965665 -0.21884 0.0904253 0.0965665 -0.209337 0.0965665 -0.179525 -0.21884 -0.380918 -0.21884 0.0965665 0.0965665 0.300687
0.910243 -0.110364 -0.217395 -0.226257 -0.217395 -0.217395 0.632882 0.628506 -0.217395 -0.125872 -0.217395 -0.163102 -0.217395 -0.217395 -0.48273 -0.217395 -0.0991084 0.718971 -0.217395 0.628506 -0.162303 -0.479288 -0.162303 0.187206 -0.162303 -0.136961 -0.212331 -0.212331 0.162648 -0.166017 -0.162303 -0.162303 -0.217395 0.277058 0.0611886 0.725722 0.723029 0.362839 1 0.99798 0.917776 0.178076 0.634368 -0.217395 0.790632 0.144046 -0.136961 0.384435 0.384435 -0.136961 -0.277425 -0.1455 0.877043 0.609324 -0.203546 -0.201141 -0.467656 -0.1455 0.265354 0.60872 -0.151114 0.265354 0.30415 0.265354 0.714365 0.60872 -0.1455 0.60872 0.265354 0.265354 0.872855
0.912096 -0.109959 -0.216084 -0.224908 -0.216084 -0.216084 0.63729 0.632916 -0.216084 -0.12531 -0.216084 -0.162002 -0.216084 -0.216084 -0.489096 -0.216084 -0.0984382 0.722632 -0.216084 0.632916 -0.161257 -0.481129 -0.161257 0.18797 -0.161257 -0.136234 -0.211035 -0.211035 0.162913 -0.165258 -0.161257 -0.161257 -0.216084 0.275096 0.0613755 0.725332 0.726685 0.360406 0.99798 1 0.915481 0.178839 0.634639 -0.216084 0.789031 0.144332 -0.136234 0.381027 0.381027 -0.136234 -0.274637 -0.144541 0.878936 0.61257 -0.202309 -0.200036 -0.474068 -0.144541 0.265921 0.611966 -0.150435 0.265921 0.302056 0.265921 0.717833 0.611966 -0.144541 0.611966 0.265921 0.265921 0.874752
0.991471 -0.101429 -0.20376 -0.203308 -0.20376 -0.20376 0.57082599999999994 0.570164 -0.20376 -0.111467 -0.20376 -0.147808 -0.20376 -0.20376 -0.434332 -0.20376 -0.0781497 0.655425 -0.20376 0.570164 -0.150141 -0.431619 -0.150141 -0.14702 -0.150141 -0.131337 -0.199132 -0.199132 0.166724 -0.146266 -0.150141 -0.150141 -0.20376 0.25127 0.0735879 0.65832 0.655425 0.333017 0.917776 0.915481 1 -0.159419 0.572112 -0.20376 0.877674 0.147608 -0.131337 0.523003 0.523003 -0.131337 -0.431059 -0.137004 0.957046 0.705471 -0.193075 -0.169373 -0.415279 -0.137004 -0.124493 0.705198 -0.133611 -0.124493 0.289204 -0.124493 0.653677 0.705198 -0.137004 0.705198 -0.124493 -0.124493 0.952742
-0.157194 -0.0338673 -0.0758461 -0.0786654 -0.0758461 -0.0758461 0.242784 0.23536 -0.0758461 -0.0505387 -0.0758461 -0.0710928 -0.0758461 -0.0758461 -0.1719 -0.0758461 -0.0358644 0.266523 -0.0758461 0.23536 -0.0628773 -0.169561 -0.0628773 0.991257 -0.0628773 -0.0384314 -0.0743506 -0.0743506 -0.0139824 -0.0687783 -0.0628773 -0.0628773 -0.0758461 0.123488 -0.0302615 0.274707 0.274999 0.149125 0.178076 0.178839 -0.159419 1 0.243602 -0.0758461 -0.192948 -0.0139824 -0.0384314 -0.368413 -0.368413 -0.0384314 0.426738 -0.0522139 -0.156318 -0.234039 -0.0666568 -0.0682496 -0.168683 -0.0522139 0.799161 -0.234985 -0.0274748 0.799161 -0.123812 0.799161 0.0872689 -0.234985 -0.0522139 -0.234985 0.799161 0.799161 -0.156318
0.56888 -0.0636364 0.197663 0.137031 0.197663 0.197663 0.993593 0.991442 0.197663 0.049382 0.197663 0.167512 0.197663 0.197663 -0.732168 0.197663 -0.113528 0.87042 0.197663 0.991442 0.186805 -0.732828 0.186805 0.24864 0.186805 0.0658401 0.200923 0.200923 0.0813244 -0.279291 0.186805 0.186805 0.197663 0.468246 0.00255953 0.875776 0.874611 0.275064 0.634368 0.634639 0.572112 0.243602 1 0.197663 0.655955 0.100538 0.0658401 0.00458519 0.00458519 0.0658401 0.462709 0.160129 0.557576 0.232275 0.173422 -0.308669 -0.70068 0.160129 0.190956 0.22947 0.0553052 0.190956 -0.306638 0.190956 0.305907 0.22947 0.160129 0.22947 0.190956 0.190956 0.55325
-0.201228 0.0207772 1 -0.0608767 1 1 0.197303 0.198636 1 -0.0167851 1 0.772207 1 1 -0.16818 1 -0.0444608 -0.294138 1 0.198636 0.820699 -0.174865 0.820699 -0.0775638 0.820699 0.519136 0.99145 0.99145 -0.0210191 -0.0770408 0.820699 0.820699 1 0.0634647 -0.0338968 -0.295933 -0.294138 -0.545116 -0.217395 -0.216084 -0.20376 -0.0758461 0.197663 1 0.290369 -0.0591874 0.519136 0.149821 0.149821 0.519136 0.414755 0.762284 -0.157459 -0.196381 0.94815 -0.0998685 -0.164572 0.762284 -0.0540422 -0.197701 -0.0354336 -0.0540422 0.0995635 -0.0540422 -0.219071 -0.197701 0.762284 -0.197701 -0.0540422 -0.0540422 -0.157459
0.870577 -0.0889678 0.290369 -0.228518 0.290369 0.290369 0.654522 0.654527 0.290369 -0.117166 0.290369 0.233547 0.290369 0.290369 -0.506854 0.290369 -0.0981499 0.496637 0.290369 0.654527 0.255005 -0.507474 0.255005 -0.18167 0.255005 0.125761 0.290708 0.290708 0.15267 -0.180677 0.255005 0.255005 0.290369 0.276664 0.0553328 0.498587 0.496637 0.0586474 0.790632 0.789031 0.877674 -0.192948 0.655955 0.290369 1 0.115301 0.125761 0.58453599999999994 0.58453599999999994 0.125761 -0.218291 0.239249 0.858356 0.593407 0.275432 -0.214437 -0.486465 0.239249 -0.148137 0.592494 -0.14794 -0.148137 0.331413 -0.148137 0.531675 0.592494 0.239249 0.592494 -0.148137 -0.148137 0.854149
0.148282 -0.0156646 -0.0591874 0.0164161 -0.0591874 -0.0591874 0.10025 0.100822 -0.0591874 -0.0233756 -0.0591874 -0.0508217 -0.0591874 -0.0591874 -0.0817187 -0.0591874 -0.0309745 0.127195 -0.0591874 0.100822 -0.0478492 -0.0806486 -0.0478492 -0.0148088 -0.0478492 -0.031812 -0.0586501 -0.0586501 -0.0244399 -0.031812 -0.0478492 -0.0478492 -0.0591874 0.0370821 -0.0139968 0.12706 0.127195 0.0665705 0.144046 0.144332 0.147608 -0.0139824 0.100538 -0.0591874 0.115301 1 -0.031812 0.0453343 0.0453343 -0.031812 -0.0555405 -0.0441139 0.150243 0.11242 -0.0559244 -0.0487892 -0.0802311 -0.0441139 -0.00223676 0.111108 -0.0283364 -0.00223676 0.0212685 -0.00223676 0.109988 0.111108 -0.0441139 0.111108 -0.00223676 -0.00223676 0.150243
-0.129941 0.0821707 0.519136 -0.0188117 0.519136 0.519136 0.0659453 0.0666149 0.519136 0.0391398 0.519136 -0.0661517 0.519136 0.519136 -0.0954383 0.519136 -0.0403177 -0.188296 0.519136 0.0666149 -0.0622825 -0.0939865 -0.0622825 -0.0393704 -0.0622825 1 0.493654 0.493654 0.0348607 -0.0414079 -0.0622825 -0.0622825 0.519136 -0.0295938 -0.0182189 -0.189335 -0.188296 -0.335527 -0.136961 -0.136234 -0.131337 -0.0384314 0.0658401 0.519136 0.125761 -0.031812 1 0.0434689 0.0434689 1 0.20335 -0.0574205 -0.129662 -0.0956948 0.547802 -0.0635061 -0.0934999 -0.0574205 -0.0263429 -0.0964434 0.021093 -0.0263429 0.0869396 -0.0263429 -0.10686 -0.0964434 -0.0574205 -0.0964434 -0.0263429 -0.0263429 -0.129662
0.520475 -0.169898 0.149821 -0.336979 0.149821 0.149821 0.0103751 0.0117674 0.149821 -0.133114 0.149821 0.153853 0.149821 0.149821 0.398275 0.149821 0.0972736 -0.0616142 0.149821 0.0117674 0.145894 0.39516 0.145894 -0.35972 0.145894 0.0434689 0.144604 0.144604 0.105028 0.105629 0.145894 0.145894 0.149821 0.53063 0.0259631 -0.0631138 -0.0659542 0.356101 0.384435 0.381027 0.523003 -0.368413 0.00458519 0.149821 0.58453599999999994 0.0453343 0.0434689 1 1 0.0434689 -0.538478 0.15366 0.513477 0.102699 0.154669 0.1477 0.38822 0.15366 -0.300482 0.103899 -0.155072 -0.300482 0.541924 -0.300482 -0.0172978 0.103899 0.15366 0.103899 -0.300482 -0.300482 0.513477
0.520475 -0.169898 0.149821 -0.336979 0.149821 0.149821 0.0103751 0.0117674 0.149821 -0.133114 0.149821 0.153853 0.149821 0.149821 0.398275 0.149821 0.0972736 -0.0616142 0.149821 0.0117674 0.145894 0.39516 0.145894 -0.35972 0.145894 0.0434689 0.144604 0.144604 0.105028 0.105629 0.145894 0.145894 0.149821 0.53063 0.0259631 -0.0631138 -0.0659542 0.356101 0.384435 0.381027 0.523003 -0.368413 0.00458519 0.149821 0.58453599999999994 0.0453343 0.0434689 1 1 0.0434689 -0.538478 0.15366 0.513477 0.102699 0.154669 0.1477 0.38822 0.15366 -0.300482 0.103899 -0.155072 -0.300482 0.541924 -0.300482 -0.0172978 0.103899 0.15366 0.103899 -0.300482 -0.300482 0.513477
-0.129941 0.0821707 0.519136 -0.0188117 0.519136 0.519136 0.0659453 0.0666149 0.519136 0.0391398 0.519136 -0.0661517 0.519136 0.519136 -0.0954383 0.519136 -0.0403177 -0.188296 0.519136 0.0666149 -0.0622825 -0.0939865 -0.0622825 -0.0393704 -0.0622825 1 0.493654 0.493654 0.0348607 -0.0414079 -0.0622825 -0.0622825 0.519136 -0.0295938 -0.0182189 -0.189335 -0.188296 -0.335527 -0.136961 -0.136234 -0.131337 -0.0384314 0.0658401 0.519136 0.125761 -0.031812 1 0.0434689 0.0434689 1 0.20335 -0.0574205 -0.129662 -0.0956948 0.547802 -0.0635061 -0.0934999 -0.0574205 -0.0263429 -0.0964434 0.021093 -0.0263429 0.0869396 -0.0263429 -0.10686 -0.0964434 -0.0574205 -0.0964434 -0.0263429 -0.0263429 -0.129662
-0.429815 0.00616485 0.414755 0.368113 0.414755 0.414755 0.461837 0.460373 0.414755 0.16642 0.414755 0.324865 0.414755 0.414755 -0.32285 0.414755 -0.0432259 0.246617 0.414755 0.460373 0.348387 -0.326192 0.348387 0.427901 0.348387 0.20335 0.413386 0.413386 -0.0962648 -0.146506 0.348387 0.348387 0.414755 0.240277 -0.0784542 0.249174 0.251058 -0.0463564 -0.277425 -0.274637 -0.431059 0.426738 0.462709 0.414755 -0.218291 -0.0555405 0.20335 -0.538478 -0.538478 0.20335 1 0.30686600000000003 -0.4277 -0.522085 0.378331 -0.156402 -0.314487 0.30686600000000003 0.347056 -0.524873 0.195299 0.347056 -0.674036 0.347056 -0.384091 -0.524873 0.30686600000000003 -0.524873 0.347056 0.347056 -0.4277
-0.135141 -0.0282745 0.762284 -0.045373 0.762284 0.762284 0.159765 0.160773 0.762284 -0.0421929 0.762284 0.878424 0.762284 0.762284 -0.106694 0.762284 -0.0179572 -0.215092 0.762284 0.160773 0.928536 -0.116265 0.928536 -0.0535233 0.928536 -0.0574205 0.768821 0.768821 -0.0441139 -0.0574205 0.928536 0.928536 0.762284 0.0895841 -0.0252642 -0.21642 -0.215092 -0.380918 -0.1455 -0.144541 -0.137004 -0.0522139 0.160129 0.762284 0.239249 -0.0441139 -0.0574205 0.15366 0.15366 -0.0574205 0.30686600000000003 1 -0.134437 -0.196989 0.803772 -0.0653481 -0.104002 1 -0.0352802 -0.197772 -0.0511471 -0.0352802 0.0910626 -0.0352802 -0.211588 -0.197772 1 -0.197772 -0.0352802 -0.0352802 -0.134437
0.957074 -0.100803 -0.157459 -0.208538 -0.157459 -0.157459 0.560673 0.559957 -0.157459 -0.110317 -0.157459 -0.0968352 -0.157459 -0.157459 -0.427404 -0.157459 -0.0608646 0.622883 -0.157459 0.559957 -0.097192 -0.419987 -0.097192 -0.152499 -0.097192 -0.129662 -0.15257 -0.15257 0.169462 -0.144672 -0.097192 -0.097192 -0.157459 0.245769 0.0750373 0.621537 0.622883 0.300687 0.877043 0.878936 0.957046 -0.156318 0.557576 -0.157459 0.858356 0.150243 -0.129662 0.513477 0.513477 -0.129662 -0.4277 -0.134437 1 0.746004 -0.189925 -0.166629 -0.441448 -0.134437 -0.131755 0.745649 -0.132209 -0.131755 0.311952 -0.131755 0.691124 0.745649 -0.134437 0.745649 -0.131755 -0.131755 0.995673
0.708301 0.058034 -0.196381 -0.264327 -0.196381 -0.196381 0.2305 0.230712 -0.196381 0.059973 -0.196381 -0.175623 -0.196381 -0.196381 -0.56286 -0.196381 -0.127465 0.320793 -0.196381 0.230712 -0.165351 -0.552562 -0.165351 -0.232344 -0.165351 -0.0956948 -0.189551 -0.189551 0.130649 -0.152642 -0.165351 -0.165351 -0.196381 -0.40039 0.095703 0.317645 0.320793 -0.218828 0.609324 0.61257 0.705471 -0.234039 0.232275 -0.196381 0.593407 0.11242 -0.0956948 0.102699 0.102699 -0.0956948 -0.522085 -0.196989 0.746004 1 -0.222101 -0.203534 -0.576602 -0.196989 -0.19592 0.996146 0.0669363 -0.19592 0.441536 -0.19592 0.91529 0.996146 -0.196989 0.996146 -0.19592 -0.19592 0.746004
-0.190681 0.0252734 0.94815 -0.0492324 0.94815 0.94815 0.17318 0.174424 0.94815 -0.012033 0.94815 0.696689 0.94815 0.94815 -0.146283 0.94815 -0.0390741 -0.292454 0.94815 0.174424 0.740989 -0.153437 0.740989 -0.0683136 0.740989 0.547802 0.938443 0.938443 -0.0161928 -0.0727936 0.740989 0.740989 0.94815 0.0574351 -0.0320281 -0.294187 -0.292454 -0.519153 -0.203546 -0.202309 -0.193075 -0.0666568 0.173422 0.94815 0.275432 -0.0559244 0.547802 0.154669 0.154669 0.547802 0.378331 0.803772 -0.189925 -0.222101 1 -0.0926057 -0.142871 0.803772 -0.0452627 -0.223204 -0.030291 -0.0452627 0.128119 -0.0452627 -0.240988 -0.223204 0.803772 -0.223204 -0.0452627 -0.0452627 -0.189925
-0.167283 -0.0312712 -0.0998685 -0.0473377 -0.0998685 -0.0998685 -0.305477 -0.304923 -0.0998685 0.0386892 -0.0998685 -0.0810422 -0.0998685 -0.0998685 0.396762 -0.0998685 0.461998 -0.248639 -0.0998685 -0.304923 -0.0741667 0.401916 -0.0741667 -0.0696268 -0.0741667 -0.0635061 -0.0986787 -0.0986787 -0.0487892 0.511478 -0.0741667 -0.0741667 -0.0998685 0.0783691 -0.0279418 -0.250135 -0.248639 0.125599 -0.201141 -0.200036 -0.169373 -0.0682496 -0.308669 -0.0998685 -0.214437 -0.0487892 -0.0635061 0.1477 0.1477 -0.0635061 -0.156402 -0.0653481 -0.166629 -0.203534 -0.0926057 1 0.409895 -0.0653481 -0.0943058 -0.204457 0.0145662 -0.0943058 0.0969854 -0.0943058 -0.242027 -0.204457 -0.0653481 -0.204457 -0.0943058 -0.0943058 -0.166629
-0.414753 -0.0783395 -0.164572 -0.114033 -0.164572 -0.164572 -0.697912 -0.696445 -0.164572 -0.00736086 -0.164572 -0.0969772 -0.164572 -0.164572 0.961321 -0.164572 0.198041 -0.598884 -0.164572 -0.696445 -0.129673 0.953293 -0.129673 -0.172149 -0.129673 -0.0934999 -0.170491 -0.170491 -0.0802311 0.250865 -0.129673 -0.129673 -0.164572 0.250095 -0.0339236 -0.597981 -0.603464 0.308578 -0.467656 -0.474068 -0.415279 -0.168683 -0.70068 -0.164572 -0.486465 -0.0802311 -0.0934999 0.38822 0.38822 -0.0934999 -0.314487 -0.104002 -0.441448 -0.576602 -0.142871 0.409895 1 -0.104002 -0.15877 -0.57865 0.00435589 -0.15877 0.218332 -0.15877 -0.641438 -0.57865 -0.104002 -0.57865 -0.15877 -0.15877 -0.441448
-0.135141 -0.0282745 0.762284 -0.045373 0.762284 0.762284 0.159765 0.160773 0.762284 -0.0421929 0.762284 0.878424 0.762284 0.762284 -0.106694 0.762284 -0.0179572 -0.215092 0.762284 0.160773 0.928536 -0.116265 0.928536 -0.0535233 0.928536 -0.0574205 0.768821 0.768821 -0.0441139 -0.0574205 0.928536 0.928536 0.762284 0.0895841 -0.0252642 -0.21642 -0.215092 -0.380918 -0.1455 -0.144541 -0.137004 -0.0522139 0.160129 0.762284 0.239249 -0.0441139 -0.0574205 0.15366 0.15366 -0.0574205 0.30686600000000003 1 -0.134437 -0.196989 0.803772 -0.0653481 -0.104002 1 -0.0352802 -0.197772 -0.0511471 -0.0352802 0.0910626 -0.0352802 -0.211588 -0.197772 1 -0.197772 -0.0352802 -0.0352802 -0.134437
-0.132594 -0.0302785 -0.0540422 -0.0564122 -0.0540422 -0.0540422 0.190423 0.18146 -0.0540422 -0.0451833 -0.0540422 -0.0533145 -0.0540422 -0.0540422 -0.150578 -0.0540422 -0.0598713 0.203323 -0.0540422 0.18146 -0.045497 -0.14847 -0.045497 0.812331 -0.045497 -0.0263429 -0.052617 -0.052617 -0.00223676 -0.0614902 -0.045497 -0.045497 -0.0540422 0.0764547 -0.0270548 0.212798 0.213139 0.0965665 0.265354 0.265921 -0.124493 0.799161 0.190956 -0.0540422 -0.148137 -0.00223676 -0.0263429 -0.300482 -0.300482 -0.0263429 0.347056 -0.0352802 -0.131755 -0.19592 -0.0452627 -0.0943058 -0.15877 -0.0352802 1 -0.196818 -0.0547721 1 0.0677752 1 0.206229 -0.196818 -0.0352802 -0.196818 1 1 -0.131755
