1 -0.569921 -0.359287 0.00538754 0.998109 -0.359287 -0.101367 0.998109 -0.569921 0.979535 0.52817 0.566534 -0.0871838 0.744796 -0.0810745 -0.102755 -0.0200797 0.650735 -0.359287 0.00538754 0.566534 0.387904 0.979535 0.528229 0.979535 0.386612 -0.0625468 0.387654 0.977547 0.646801 0.928595 0.386612 -0.540821 0.0416946 0.0674032 0.646801 -0.0619093 0.320301 0.52817 -0.547894 0.196595 -0.0796424 -0.541982 0.0806095 0.318892 -0.160903 0.642469 -0.35424 0.0449798 -0.541982 0.385768 -0.0562019 0.318892 0.385506 -0.541982 0.380196 0.061178 0.294571 0.642469 0.0512205 -0.0810745 -0.355654 -0.35424 0.304604 -0.106971 0.381272 0.381272 -0.035967 0.642469 0.23745 -0.081854 0.0674032 0.381272 -0.16746 0.851659
-0.569921 1 -0.180868 -0.0406361 -0.573317 -0.180868 -0.0696957 -0.573317 1 -0.563305 -0.276324 0.351789 0.0888017 -0.443164 0.138374 -0.0549273 0.0589038 -0.401023 -0.180868 0.0293638 0.351789 -0.207338 -0.563305 -0.273826 -0.563305 0.276706 0.129729 -0.210609 -0.558044 -0.394046 -0.573485 0.276706 0.971683 -0.0464112 -0.0283686 -0.394046 0.131951 -0.146837 -0.27082 0.976188 -0.131327 -0.0971883 0.971171 -0.0705244 -0.142001 0.245878 -0.389122 -0.182604 -0.0705244 0.971171 -0.212143 0.0293638 -0.142001 -0.209055 0.971171 0.279781 -0.0549273 -0.160429 -0.389122 -0.0079787 0.0937001 0.838593 -0.182604 -0.154594 0.184581 0.276706 0.276706 0.0911148 -0.389122 0.463045 -0.0113062 0.0030618 0.276706 0.22470300000000001 -0.491234
-0.359287 -0.180868 1 -0.0218967 -0.361199 1 0.313606 -0.361199 -0.180868 -0.358626 -0.225528 -0.594763 0.00107022 -0.24456 -0.00597092 -0.0202096 -0.0439248 -0.208083 1 -0.0218967 -0.594763 -0.174604 -0.358626 -0.227093 -0.358626 0.134475 -0.0539047 -0.176247 -0.360506 -0.209629 -0.361525 0.134475 -0.179479 0.0565032 -0.0491586 -0.209629 -0.0380019 -0.121015 -0.225528 -0.177141 -0.00362771 -0.0558981 -0.177994 -0.0380019 -0.123096 -0.0474709 -0.216672 0.99515 0.0199222 -0.177994 -0.174396 -0.0218967 -0.123096 -0.17605 -0.177994 0.136156 0.0178632 -0.0967374 -0.216672 -0.0309974 -0.00597092 -0.223696 0.99515 -0.107709 -0.0182446 0.134475 0.134475 -0.0309974 -0.216672 -0.414718 -0.0439248 -0.0491586 0.134475 0.0321235 -0.325867
0.00538754 -0.0406361 -0.0218967 1 0.00527336 -0.0218967 -0.00726979 0.00527336 -0.0406361 0.00647406 0.0482457 -0.0348875 -0.00602429 -0.0399094 -0.0063566 -0.0053022 -0.00399602 -0.0355881 -0.0218967 -0.00199203 -0.0348875 0.0664008 0.00647406 0.0480559 0.00647406 -0.0620012 -0.00490394 0.0660953 0.0063614 -0.0357292 0.00417999 -0.0620012 -0.0414056 -0.00399602 -0.00447217 -0.0357292 -0.00345719 -0.0158372 0.0482457 -0.0412891 -0.00884305 -0.00755193 -0.0414881 -0.00345719 -0.0159946 -0.00697747 -0.0357292 -0.021818 -0.00345719 -0.0414881 0.0672632 -0.00199203 -0.0159946 0.0669505 -0.0414881 -0.0617296 -0.0053022 -0.0159946 -0.0357292 -0.00281997 -0.0063566 -0.0478515 -0.021818 -0.0167701 -0.00697747 -0.0620012 -0.0620012 -0.00281997 -0.0357292 -0.0790638 -0.00399602 -0.00447217 -0.0620012 -0.0118265 0.0151344
0.998109 -0.573317 -0.361199 0.00527336 1 -0.361199 -0.101973 1 -0.573317 0.981471 0.531969 0.565275 -0.0876915 0.743508 -0.0815931 -0.103242 -0.0203572 0.649565 -0.361199 0.00527336 0.565275 0.392601 0.981471 0.532016 0.981471 0.383401 -0.0629469 0.392332 0.979473 0.645617 0.93031 0.383401 -0.544218 0.041514 0.0672337 0.645617 -0.0622192 0.319829 0.531969 -0.551296 0.19636 -0.0802323 -0.545387 0.0805232 0.318408 -0.161585 0.641278 -0.356139 0.0448376 -0.545387 0.39051400000000003 -0.0564127 0.318408 0.390232 -0.545387 0.376993 0.0609476 0.302168 0.641278 0.0511272 -0.0815931 -0.35511 -0.356139 0.311918 -0.107568 0.378053 0.378053 -0.036197 0.641278 0.236898 -0.0822284 0.0672337 0.378053 -0.168451 0.849989
-0.359287 -0.180868 1 -0.0218967 -0.361199 1 0.313606 -0.361199 -0.180868 -0.358626 -0.225528 -0.594763 0.00107022 -0.24456 -0.00597092 -0.0202096 -0.0439248 -0.208083 1 -0.0218967 -0.594763 -0.174604 -0.358626 -0.227093 -0.358626 0.134475 -0.0539047 -0.176247 -0.360506 -0.209629 -0.361525 0.134475 -0.179479 0.0565032 -0.0491586 -0.209629 -0.0380019 -0.121015 -0.225528 -0.177141 -0.00362771 -0.0558981 -0.177994 -0.0380019 -0.123096 -0.0474709 -0.216672 0.99515 0.0199222 -0.177994 -0.174396 -0.0218967 -0.123096 -0.17605 -0.177994 0.136156 0.0178632 -0.0967374 -0.216672 -0.0309974 -0.00597092 -0.223696 0.99515 -0.107709 -0.0182446 0.134475 0.134475 -0.0309974 -0.216672 -0.414718 -0.0439248 -0.0491586 0.134475 0.0321235 -0.325867
-0.101367 -0.0696957 0.313606 -0.00726979 -0.101973 0.313606 1 -0.101973 -0.0696957 -0.0971128 -0.0229981 -0.186673 -0.0219853 -0.109289 -0.023198 -0.01935 -0.0145832 -0.0903077 0.313606 -0.00726979 -0.186673 0.0136393 -0.0971128 -0.0235535 -0.0971128 0.0419861 -0.0178966 0.012958 -0.0977043 -0.0908217 -0.0920608 0.0419861 -0.0736676 -0.0145832 -0.0163209 -0.0908217 -0.0126168 -0.0577966 -0.0229981 -0.0729455 -0.0322721 -0.0275603 -0.073297 -0.0126168 -0.0583713 -0.0254638 -0.0908217 0.308947 -0.0126168 -0.073297 0.0144426 -0.00726979 -0.0583713 0.0137522 -0.073297 0.0425483 -0.01935 0.0156785 -0.0908217 -0.0102913 -0.023198 -0.0638625 0.308947 0.0105569 -0.0254638 0.0419861 0.0419861 -0.0102913 -0.0908217 -0.144716 -0.0145832 -0.0163209 0.0419861 -0.04316 -0.106394
0.998109 -0.573317 -0.361199 0.00527336 1 -0.361199 -0.101973 1 -0.573317 0.981471 0.531969 0.565275 -0.0876915 0.743508 -0.0815931 -0.103242 -0.0203572 0.649565 -0.361199 0.00527336 0.565275 0.392601 0.981471 0.532016 0.981471 0.383401 -0.0629469 0.392332 0.979473 0.645617 0.93031 0.383401 -0.544218 0.041514 0.0672337 0.645617 -0.0622192 0.319829 0.531969 -0.551296 0.19636 -0.0802323 -0.545387 0.0805232 0.318408 -0.161585 0.641278 -0.356139 0.0448376 -0.545387 0.39051400000000003 -0.0564127 0.318408 0.390232 -0.545387 0.376993 0.0609476 0.302168 0.641278 0.0511272 -0.0815931 -0.35511 -0.356139 0.311918 -0.107568 0.378053 0.378053 -0.036197 0.641278 0.236898 -0.0822284 0.0672337 0.378053 -0.168451 0.849989
-0.569921 1 -0.180868 -0.0406361 -0.573317 -0.180868 -0.0696957 -0.573317 1 -0.563305 -0.276324 0.351789 0.0888017 -0.443164 0.138374 -0.0549273 0.0589038 -0.401023 -0.180868 0.0293638 0.351789 -0.207338 -0.563305 -0.273826 -0.563305 0.276706 0.129729 -0.210609 -0.558044 -0.394046 -0.573485 0.276706 0.971683 -0.0464112 -0.0283686 -0.394046 0.131951 -0.146837 -0.27082 0.976188 -0.131327 -0.0971883 0.971171 -0.0705244 -0.142001 0.245878 -0.389122 -0.182604 -0.0705244 0.971171 -0.212143 0.0293638 -0.142001 -0.209055 0.971171 0.279781 -0.0549273 -0.160429 -0.389122 -0.0079787 0.0937001 0.838593 -0.182604 -0.154594 0.184581 0.276706 0.276706 0.0911148 -0.389122 0.463045 -0.0113062 0.0030618 0.276706 0.22470300000000001 -0.491234
0.979535 -0.563305 -0.358626 0.00647406 0.981471 -0.358626 -0.0971128 0.981471 -0.563305 1 0.543767 0.554186 -0.0836512 0.753133 -0.0773731 -0.0995836 -0.0178265 0.660181 -0.358626 0.00647406 0.554186 0.405837 1 0.543901 1 0.371965 -0.0596913 0.405651 0.998118 0.656334 0.951422 0.371965 -0.575884 0.0438005 0.0697106 0.656334 -0.0598537 0.320136 0.543767 -0.578987 0.201007 -0.0752847 -0.573245 0.0823253 0.318871 -0.156668 0.652012 -0.353479 0.0467805 -0.573245 0.403799 -0.054968500000000003 0.318871 0.4036 -0.573245 0.37081 0.0639583 0.302696 0.652012 0.0526546 -0.0773731 -0.380822 -0.353479 0.313133 -0.102865 0.371965 0.371965 -0.0343249 0.652012 0.221613 -0.0794534 0.0697106 0.371965 -0.160534 0.868735
0.52817 -0.276324 -0.225528 0.0482457 0.531969 -0.225528 -0.0229981 0.531969 -0.276324 0.543767 1 0.329566 -0.0394236 -0.0161873 -0.0220432 -0.0213828 -0.02176 -0.268606 -0.225528 0.0482457 0.329566 0.797526 0.543767 0.996911 0.543767 0.210566 -0.0105402 0.800363 0.542704 -0.270762 0.514997 0.210566 -0.282411 0.0967809 0.143691 -0.270762 -0.0530114 0.498406 0.993804 -0.290161 0.0116748 -0.0304555 -0.280619 0.0381501 0.491089 -0.0839919 -0.26522 -0.225707 -0.0530114 -0.280619 0.801298 -0.0305451 0.491089 0.796951 -0.280619 0.206053 0.158375 0.491089 -0.26522 0.0125286 -0.0220432 -0.0045955 -0.225707 0.506662 -0.0379952 0.203735 0.203735 -0.0432404 -0.26522 -0.245471 -0.02176 0.108313 0.203735 -0.0962938 0.30249
0.566534 0.351789 -0.594763 -0.0348875 0.565275 -0.594763 -0.186673 0.565275 0.351789 0.554186 0.329566 1 -0.0107814 0.403273 0.0460954 -0.173254 0.0360462 0.338372 -0.594763 0.0355881 1 0.239794 0.554186 0.332135 0.554186 0.716618 0.0586941 0.236194 0.557199 0.340886 0.485485 0.716618 0.356524 7.02655e-4 0.0482523 0.340886 0.0617635 0.217566 0.335107 0.352973 0.0921186 -0.189513 0.354673 0.0209931 0.220811 0.0629405 0.340886 -0.59073 -0.0197773 0.354673 0.232573 -0.0348875 0.220811 0.23536 0.354673 0.712392 0.0143313 0.183705 0.340886 0.0503793 0.00111774 0.438584 -0.59073 0.200718 0.0629405 0.710508 0.710508 0.0503793 0.340886 0.736845 -0.105328 0.0798963 0.710508 0.033777 0.47653
-0.0871838 0.0888017 0.00107022 -0.00602429 -0.0876915 0.00107022 -0.0219853 -0.0876915 0.0888017 -0.0836512 -0.0394236 -0.0107814 1 -0.0554154 -0.0192236 -0.0160349 -0.0120847 -0.0602626 0.00107022 -0.00602429 -0.0107814 -0.0425079 -0.0836512 -0.0398698 -0.0836512 -0.012361 -0.0148305 -0.0429704 -0.0841462 -0.0606881 -0.0729948 -0.012361 0.0833409 -0.0120847 -0.0135247 -0.0606881 -0.0104552 -0.00328167 -0.0394236 0.0844929 -0.0267431 0.0683342 0.0849 -0.0104552 -0.00405293 -0.0211012 -0.0606881 4.62335e-4 -0.0104552 0.0849 -0.0423938 -0.00602429 -0.00405293 -0.0428598 0.0849 -0.0118197 -0.0160349 -0.00405293 -0.0606881 -0.00852813 0.947723 0.076266 4.62335e-4 -0.00776964 -0.0211012 -0.012361 -0.012361 -0.00852813 -0.0606881 0.0191232 -0.0120847 -0.0135247 -0.012361 -0.0357656 -0.0832051
0.744796 -0.443164 -0.24456 -0.0399094 0.743508 -0.24456 -0.109289 0.743508 -0.443164 0.753133 -0.0161873 0.403273 -0.0554154 1 -0.0653601 -0.081604 0.0173675 0.881142 -0.24456 -0.0399094 0.403273 -0.278354 0.753133 -0.0193122 0.753133 0.284909 -0.0451097 -0.281425 0.751807 0.878361 0.721975 0.284909 -0.450702 0.0823182 -0.060521899999999997 0.878361 -0.0318015 0.377729 -0.0212793 -0.451389 0.261599 -0.0811578 -0.453564 0.0805837 0.378501 -0.120889 0.873806 -0.239034 0.0805837 -0.453564 -0.277565 -0.0399094 0.378501 -0.280659 -0.453564 0.282303 -0.081604 0.361454 0.873806 0.0810091 -0.0653601 -0.253165 -0.239034 0.341335 -0.0830851 0.284909 0.284909 -0.0106615 0.873806 0.547462 -0.0800585 -0.031446 0.284909 -0.132088 0.605014
-0.0810745 0.138374 -0.00597092 -0.0063566 -0.0815931 -0.00597092 -0.023198 -0.0815931 0.138374 -0.0773731 -0.0220432 0.0460954 -0.0192236 -0.0653601 1 -0.0169194 -0.0127514 -0.0685843 -0.00597092 -0.0063566 0.0460954 -0.0191788 -0.0773731 -0.0225275 -0.0773731 0.0516385 -0.0156485 -0.0197156 -0.077879 -0.0690334 -0.0883163 0.0516385 0.131951 -0.0127514 -0.0142708 -0.0690334 -0.0110319 -0.00817007 -0.0220432 0.133335 -0.0282183 -0.0240983 0.133978 -0.0110319 -0.00895274 -0.0222652 -0.0690334 -0.00652309 -0.0110319 0.133978 -0.0187953 -0.0063566 -0.00895274 -0.0193376 0.133978 0.0521062 -0.0169194 -0.00895274 -0.0690334 -0.00899855 -0.020284 0.120111 -0.00652309 -0.0127298 0.911017 0.0516385 0.0516385 -0.00899855 -0.0690334 0.054237 -0.0127514 -0.0142708 0.0516385 -0.0377385 -0.0741859
-0.102755 -0.0549273 -0.0202096 -0.0053022 -0.103242 -0.0202096 -0.01935 -0.103242 -0.0549273 -0.0995836 -0.0213828 -0.173254 -0.0160349 -0.081604 -0.0169194 1 -0.0106362 -0.094725 -0.0202096 -0.0053022 -0.173254 -0.0297645 -0.0995836 -0.0217847 -0.0995836 -0.231093 -0.0130529 -0.0301861 -0.100058 -0.0951007 -0.0857801 -0.231093 -0.0577636 -0.0106362 -0.0119036 -0.0951007 -0.00920203 0.0083304 -0.0213828 -0.0572524 -0.0235376 -0.020101 -0.0575282 -0.00920203 0.00757739 -0.018572 -0.0951007 -0.0204788 -0.00920203 -0.0575282 -0.0295857 -0.0053022 0.00757739 -0.0300109 -0.0575282 -0.230265 -0.0141129 0.00757739 -0.0951007 -0.00750593 -0.0169194 -0.0523486 -0.0204788 0.0039613 -0.018572 -0.231093 -0.231093 -0.00750593 -0.0951007 -0.137392 -0.0106362 -0.0119036 -0.231093 -0.0314787 -0.105665
-0.0200797 0.0589038 -0.0439248 -0.00399602 -0.0203572 -0.0439248 -0.0145832 -0.0203572 0.0589038 -0.0178265 -0.02176 0.0360462 -0.0120847 0.0173675 -0.0127514 -0.0106362 1 -7.02655e-4 -0.0439248 -0.00399602 0.0360462 -0.0483708 -0.0178265 -0.022059 -0.0178265 0.00632266 -0.00983733 -0.0486394 -0.0180985 -9.83747e-4 -0.0235671 0.00632266 0.0552816 0.243988 -0.00897119 -9.83747e-4 -0.00693514 0.0348139 -0.02176 0.0560457 -0.0177392 -0.0151492 0.0563157 -0.00693514 0.0340577 -0.0139968 -9.83747e-4 -0.0437669 -0.00693514 0.0563157 -0.0485019 -0.00399602 0.0340577 -0.0487712 0.0563157 0.00665845 -0.0106362 0.0340577 -9.83747e-4 -0.00565687 -0.0127514 0.068911 -0.0437669 0.0304552 -0.0139968 0.00632266 0.00632266 -0.00565687 -9.83747e-4 0.066212 -0.00801603 -0.00897119 0.00632266 -0.023724 -0.0338037
0.650735 -0.401023 -0.208083 -0.0355881 0.649565 -0.208083 -0.0903077 0.649565 -0.401023 0.660181 -0.268606 0.338372 -0.0602626 0.881142 -0.0685843 -0.094725 -7.02655e-4 1 -0.208083 -0.0355881 0.338372 -0.252527 0.660181 -0.271217 0.660181 0.236557 -0.0586941 -0.255257 0.658981 0.997526 0.630357 0.236557 -0.40988 -0.0360462 -0.0482523 0.997526 -0.0209931 -0.0774913 -0.268606 -0.406534 0.220738 -0.0585803 -0.408493 0.0605477 -0.0723866 -0.104083 0.987612 -0.202025 0.101318 -0.408493 -0.251868 -0.0355881 -0.0723866 -0.254618 -0.408493 0.239259 -0.0679271 -0.0909397 0.987612 0.0493876 -0.0685843 -0.433958 -0.202025 -0.0928437 -0.0835116 0.242667 0.242667 -4.9586e-4 0.987612 0.474816 -0.0713898 -0.0166084 0.242667 -0.109851 0.724823
-0.359287 -0.180868 1 -0.0218967 -0.361199 1 0.313606 -0.361199 -0.180868 -0.358626 -0.225528 -0.594763 0.00107022 -0.24456 -0.00597092 -0.0202096 -0.0439248 -0.208083 1 -0.0218967 -0.594763 -0.174604 -0.358626 -0.227093 -0.358626 0.134475 -0.0539047 -0.176247 -0.360506 -0.209629 -0.361525 0.134475 -0.179479 0.0565032 -0.0491586 -0.209629 -0.0380019 -0.121015 -0.225528 -0.177141 -0.00362771 -0.0558981 -0.177994 -0.0380019 -0.123096 -0.0474709 -0.216672 0.99515 0.0199222 -0.177994 -0.174396 -0.0218967 -0.123096 -0.17605 -0.177994 0.136156 0.0178632 -0.0967374 -0.216672 -0.0309974 -0.00597092 -0.223696 0.99515 -0.107709 -0.0182446 0.134475 0.134475 -0.0309974 -0.216672 -0.414718 -0.0439248 -0.0491586 0.134475 0.0321235 -0.325867
0.00538754 0.0293638 -0.0218967 -0.00199203 0.00527336 -0.0218967 -0.00726979 0.00527336 0.0293638 0.00647406 0.0482457 0.0355881 -0.00602429 -0.0399094 -0.0063566 -0.0053022 -0.00399602 -0.0355881 -0.0218967 1 0.0355881 0.0664008 0.00647406 0.0480559 0.00647406 0.0248695 -0.00490394 0.0660953 0.0063614 -0.0357292 0.00417999 0.0248695 0.0275581 -0.00399602 0.445428 -0.0357292 -0.00345719 -0.0158372 0.0482457 0.027939 -0.00884305 -0.00755193 0.0280736 -0.00345719 -0.0159946 -0.00697747 -0.0357292 -0.021818 -0.00345719 0.0280736 0.0672632 -0.00199203 -0.0159946 0.0669505 0.0280736 0.0250022 -0.0053022 -0.0159946 -0.0357292 -0.00281997 -0.0063566 0.0179116 -0.021818 -0.0167701 -0.00697747 0.0248695 0.0248695 -0.00281997 -0.0357292 -0.0150234 -0.00399602 -0.00447217 0.0248695 0.168438 0.0151344
0.566534 0.351789 -0.594763 -0.0348875 0.565275 -0.594763 -0.186673 0.565275 0.351789 0.554186 0.329566 1 -0.0107814 0.403273 0.0460954 -0.173254 0.0360462 0.338372 -0.594763 0.0355881 1 0.239794 0.554186 0.332135 0.554186 0.716618 0.0586941 0.236194 0.557199 0.340886 0.485485 0.716618 0.356524 7.02655e-4 0.0482523 0.340886 0.0617635 0.217566 0.335107 0.352973 0.0921186 -0.189513 0.354673 0.0209931 0.220811 0.0629405 0.340886 -0.59073 -0.0197773 0.354673 0.232573 -0.0348875 0.220811 0.23536 0.354673 0.712392 0.0143313 0.183705 0.340886 0.0503793 0.00111774 0.438584 -0.59073 0.200718 0.0629405 0.710508 0.710508 0.0503793 0.340886 0.736845 -0.105328 0.0798963 0.710508 0.033777 0.47653
0.387904 -0.207338 -0.174604 0.0664008 0.392601 -0.174604 0.0136393 0.392601 -0.207338 0.405837 0.797526 0.239794 -0.0425079 -0.278354 -0.0191788 -0.0297645 -0.0483708 -0.252527 -0.174604 0.0664008 0.239794 1 0.405837 0.802194 0.405837 0.144092 -0.0222235 0.995929 0.404962 -0.254231 0.378658 0.144092 -0.214636 -0.0483708 0.189713 -0.254231 -0.0418484 -0.10775 0.804643 -0.21838 -0.0647471 -0.0178833 -0.206865 0.0105142 -0.110212 -0.0580403 -0.254231 -0.174789 -0.0418484 -0.206865 0.98767 -0.024113 -0.110212 0.99179 -0.206865 0.145949 0.211157 -0.050641 -0.254231 -0.034135 -0.0191788 -0.228732 -0.174789 -0.0644526 -0.0316202 0.144092 0.144092 -0.034135 -0.254231 -0.453751 -0.00297805 -0.0541345 0.144092 -0.0454527 0.443242
0.979535 -0.563305 -0.358626 0.00647406 0.981471 -0.358626 -0.0971128 0.981471 -0.563305 1 0.543767 0.554186 -0.0836512 0.753133 -0.0773731 -0.0995836 -0.0178265 0.660181 -0.358626 0.00647406 0.554186 0.405837 1 0.543901 1 0.371965 -0.0596913 0.405651 0.998118 0.656334 0.951422 0.371965 -0.575884 0.0438005 0.0697106 0.656334 -0.0598537 0.320136 0.543767 -0.578987 0.201007 -0.0752847 -0.573245 0.0823253 0.318871 -0.156668 0.652012 -0.353479 0.0467805 -0.573245 0.403799 -0.054968500000000003 0.318871 0.4036 -0.573245 0.37081 0.0639583 0.302696 0.652012 0.0526546 -0.0773731 -0.380822 -0.353479 0.313133 -0.102865 0.371965 0.371965 -0.0343249 0.652012 0.221613 -0.0794534 0.0697106 0.371965 -0.160534 0.868735
0.528229 -0.273826 -0.227093 0.0480559 0.532016 -0.227093 -0.0235535 0.532016 -0.273826 0.543901 0.996911 0.332135 -0.0398698 -0.0193122 -0.0225275 -0.0217847 -0.022059 -0.271217 -0.227093 0.0480559 0.332135 0.802194 0.543901 1 0.543901 0.212375 -0.0109183 0.805005 0.54283 -0.273383 0.514971 0.212375 -0.280051 0.0964003 0.14324 -0.273383 -0.0532466 0.496818 0.996911 -0.287766 0.0109719 -0.0310279 -0.27822 0.0378522 0.489494 -0.0844823 -0.267845 -0.227266 -0.0532466 -0.27822 0.798845 -0.0306806 0.489494 0.801663 -0.27822 0.207876 0.15785 0.489494 -0.267845 0.0122984 -0.0225275 -0.00318484 -0.227266 0.504995 -0.0385173 0.205549 0.205549 -0.0434322 -0.267845 -0.246482 -0.022059 0.107887 0.205549 -0.0829916 0.30347
0.979535 -0.563305 -0.358626 0.00647406 0.981471 -0.358626 -0.0971128 0.981471 -0.563305 1 0.543767 0.554186 -0.0836512 0.753133 -0.0773731 -0.0995836 -0.0178265 0.660181 -0.358626 0.00647406 0.554186 0.405837 1 0.543901 1 0.371965 -0.0596913 0.405651 0.998118 0.656334 0.951422 0.371965 -0.575884 0.0438005 0.0697106 0.656334 -0.0598537 0.320136 0.543767 -0.578987 0.201007 -0.0752847 -0.573245 0.0823253 0.318871 -0.156668 0.652012 -0.353479 0.0467805 -0.573245 0.403799 -0.054968500000000003 0.318871 0.4036 -0.573245 0.37081 0.0639583 0.302696 0.652012 0.0526546 -0.0773731 -0.380822 -0.353479 0.313133 -0.102865 0.371965 0.371965 -0.0343249 0.652012 0.221613 -0.0794534 0.0697106 0.371965 -0.160534 0.868735
0.386612 0.276706 0.134475 -0.0620012 0.383401 0.134475 0.0419861 0.383401 0.276706 0.371965 0.210566 0.716618 -0.012361 0.284909 0.0516385 -0.231093 0.00632266 0.236557 0.134475 0.0248695 0.716618 0.144092 0.371965 0.212375 0.371965 1 0.0255806 0.138229 0.374048 0.238313 0.284767 1 0.283748 0.0498884 0.0168274 0.238313 0.0431614 0.163187 0.217397 0.281399 0.110401 -0.282098 0.282755 -0.00709365 0.165381 0.0363968 0.232203 0.135239 -0.00709365 0.282755 0.135372 -0.0620012 0.165381 0.137373 0.282755 0.996249 0.0331634 0.142512 0.232203 0.0352059 -0.00380262 0.346535 0.135239 0.153963 0.0617536 0.992468 0.992468 0.0352059 0.232203 0.548452 -0.16794 0.0558329 0.992468 0.0695052 0.304665
-0.0625468 0.129729 -0.0539047 -0.00490394 -0.0629469 -0.0539047 -0.0178966 -0.0629469 0.129729 -0.0596913 -0.0105402 0.0586941 -0.0148305 -0.0451097 -0.0156485 -0.0130529 -0.00983733 -0.0586941 -0.0539047 -0.00490394 0.0586941 -0.0222235 -0.0596913 -0.0109183 -0.0596913 0.0255806 1 -0.0226235 -0.0600816 -0.0590408 -0.0419924 0.0255806 0.124433 -0.00983733 -0.0110095 -0.0590408 -0.00851085 0.0154867 -0.0105402 0.125588 -0.0217697 -0.0185912 0.126193 -0.00851085 0.0147388 -0.017177 -0.0590408 -0.0537111 -0.00851085 0.126193 -0.0220037 -0.00490394 0.0147388 -0.0224074 0.126193 0.0259642 -0.0130529 0.0147388 -0.0590408 -0.00694214 -0.0156485 0.125042 -0.0537111 0.0111551 -0.017177 0.0255806 0.0255806 -0.00694214 -0.0590408 0.068118 0.196337 -0.0110095 0.0255806 -0.0291142 -0.0677313
0.387654 -0.210609 -0.176247 0.0660953 0.392332 -0.176247 0.012958 0.392332 -0.210609 0.405651 0.800363 0.236194 -0.0429704 -0.281425 -0.0197156 -0.0301861 -0.0486394 -0.255257 -0.176247 0.0660953 0.236194 0.995929 0.405651 0.805005 0.405651 0.138229 -0.0226235 1 0.404768 -0.25697 0.378317 0.138229 -0.217962 -0.0486394 0.18895 -0.25697 -0.0420808 -0.108974 0.807467 -0.221689 -0.0654216 0.00593357 -0.210213 0.0101825 -0.111445 -0.0585594 -0.25697 -0.176425 -0.0420808 -0.210213 0.991861 -0.0242469 -0.111445 0.995945 -0.210213 0.140106 0.210278 -0.0519871 -0.25697 -0.0343245 -0.0197156 -0.232613 -0.176425 -0.0658424 -0.0321893 0.138229 0.138229 -0.0343245 -0.25697 -0.460019 -0.0033327 -0.054435 0.138229 -0.0464329 0.443766
0.977547 -0.558044 -0.360506 0.0063614 0.979473 -0.360506 -0.0977043 0.979473 -0.558044 0.998118 0.542704 0.557199 -0.0841462 0.751807 -0.077879 -0.100058 -0.0180985 0.658981 -0.360506 0.0063614 0.557199 0.404962 0.998118 0.54283 0.998118 0.374048 -0.0600816 0.404768 1 0.659448 0.9531 0.374048 -0.575052 0.0436205 0.0695401 0.659448 -0.0601554 0.319642 0.542704 -0.578136 0.200764 -0.0758609 -0.572377 0.0822359 0.318365 -0.157331 0.65512 -0.355347 0.0466381 -0.572377 0.402917 -0.0551729 0.318365 0.40271 -0.572377 0.372899 0.0637282 0.302166 0.65512 0.0525601 -0.077879 -0.380291 -0.355347 0.312571 -0.103447 0.374048 0.374048 -0.0345494 0.65512 0.224954 -0.0798175 0.0695401 0.374048 -0.1615 0.870962
0.646801 -0.394046 -0.209629 -0.0357292 0.645617 -0.209629 -0.0908217 0.645617 -0.394046 0.656334 -0.270762 0.340886 -0.0606881 0.878361 -0.0690334 -0.0951007 -9.83747e-4 0.997526 -0.209629 -0.0357292 0.340886 -0.254231 0.656334 -0.273383 0.656334 0.238313 -0.0590408 -0.25697 0.659448 1 0.630669 0.238313 -0.407954 -0.0363284 -0.0485683 1 -0.0212369 -0.0786075 -0.270762 -0.404581 0.220122 -0.0591132 -0.40653 0.0603063 -0.0735137 -0.104577 0.990086 -0.203566 0.101078 -0.40653 -0.253576 -0.0357292 -0.0735137 -0.256335 -0.40653 0.241025 -0.068302 -0.0920674 0.990086 0.0491907 -0.0690334 -0.432711 -0.203566 -0.094026 -0.0840049 0.244423 0.244423 -6.94224e-4 0.990086 0.478278 -0.071673 -0.0169234 0.244423 -0.110686 0.725909
0.928595 -0.573485 -0.361525 0.00417999 0.93031 -0.361525 -0.0920608 0.93031 -0.573485 0.951422 0.514997 0.485485 -0.0729948 0.721975 -0.0883163 -0.0857801 -0.0235671 0.630357 -0.361525 0.00417999 0.485485 0.378658 0.951422 0.514971 0.951422 0.284767 -0.0419924 0.378317 0.9531 0.630669 1 0.284767 -0.597201 0.0403372 0.0665993 0.630669 -0.0664621 0.311826 0.514997 -0.595666 0.197189 -0.0186592 -0.58969 0.080971 0.310314 -0.171332 0.626188 -0.356568 0.0441127 -0.58969 0.376344 -0.0595331 0.310314 0.37599 -0.58969 0.28395 0.0595789 0.293541 0.626188 0.0510142 -0.0679853 -0.401388 -0.356568 0.303377 -0.11554 0.284767 0.284767 -0.0391796 0.626188 0.17812 -0.0874714 0.0665993 0.284767 -0.14712 0.826528
0.386612 0.276706 0.134475 -0.0620012 0.383401 0.134475 0.0419861 0.383401 0.276706 0.371965 0.210566 0.716618 -0.012361 0.284909 0.0516385 -0.231093 0.00632266 0.236557 0.134475 0.0248695 0.716618 0.144092 0.371965 0.212375 0.371965 1 0.0255806 0.138229 0.374048 0.238313 0.284767 1 0.283748 0.0498884 0.0168274 0.238313 0.0431614 0.163187 0.217397 0.281399 0.110401 -0.282098 0.282755 -0.00709365 0.165381 0.0363968 0.232203 0.135239 -0.00709365 0.282755 0.135372 -0.0620012 0.165381 0.137373 0.282755 0.996249 0.0331634 0.142512 0.232203 0.0352059 -0.00380262 0.346535 0.135239 0.153963 0.0617536 0.992468 0.992468 0.0352059 0.232203 0.548452 -0.16794 0.0558329 0.992468 0.0695052 0.304665
-0.540821 0.971683 -0.179479 -0.0414056 -0.544218 -0.179479 -0.0736676 -0.544218 0.971683 -0.575884 -0.282411 0.356524 0.0833409 -0.450702 0.131951 -0.0577636 0.0552816 -0.40988 -0.179479 0.0275581 0.356524 -0.214636 -0.575884 -0.280051 -0.575884 0.283748 0.124433 -0.217962 -0.575052 -0.407954 -0.597201 0.283748 1 -0.0484745 -0.0310267 -0.407954 0.127619 -0.146426 -0.276989 0.995262 -0.13547 -0.100947 0.990481 -0.07186 -0.14183 0.237436 -0.403103 -0.181308 -0.07186 0.990481 -0.219351 0.0275581 -0.14183 -0.216412 0.990481 0.280909 -0.0577636 -0.159985 -0.403103 -0.00980149 0.0879381 0.856613 -0.181308 -0.155052 0.177047 0.277769 0.277769 0.0878252 -0.403103 0.467889 -0.0138891 -6.15609e-5 0.277769 0.225644 -0.50876999999999994
0.0416946 -0.0464112 0.0565032 -0.00399602 0.041514 0.0565032 -0.0145832 0.041514 -0.0464112 0.0438005 0.0967809 7.02655e-4 -0.0120847 0.0823182 -0.0127514 -0.0106362 0.243988 -0.0360462 0.0565032 -0.00399602 7.02655e-4 -0.0483708 0.0438005 0.0964003 0.0438005 0.0498884 -0.00983733 -0.0486394 0.0436205 -0.0363284 0.0403372 0.0498884 -0.0484745 1 -0.00897119 -0.0363284 -0.00693514 0.234564 0.0967809 -0.0481082 0.0996663 -0.0151492 -0.0483399 -0.00693514 0.232487 -0.0139968 -0.0363284 0.0553987 -0.00693514 -0.0483399 -0.0485019 -0.00399602 0.232487 -0.0487712 -0.0483399 0.0501545 -0.0106362 0.232487 -0.0363284 -0.00565687 -0.0127514 0.068911 0.0553987 0.222744 -0.0139968 0.0498884 0.0498884 -0.00565687 -0.0363284 0.0340957 -0.00801603 -0.00897119 0.0498884 -0.023724 -0.0658853
0.0674032 -0.0283686 -0.0491586 -0.00447217 0.0672337 -0.0491586 -0.0163209 0.0672337 -0.0283686 0.0697106 0.143691 0.0482523 -0.0135247 -0.060521899999999997 -0.0142708 -0.0119036 -0.00897119 -0.0482523 -0.0491586 0.445428 0.0482523 0.189713 0.0697106 0.14324 0.0697106 0.0168274 -0.0110095 0.18895 0.0695401 -0.0485683 0.0665993 0.0168274 -0.0310267 -0.00897119 1 -0.0485683 -0.00776151 -0.0355549 0.143691 -0.0305277 -0.0198529 -0.0169543 -0.0306747 -0.00776151 -0.0359084 -0.0156646 -0.0485683 -0.048982 -0.00776151 -0.0306747 0.192066 -0.00447217 -0.0359084 0.191284 -0.0306747 0.0171876 -0.0119036 -0.0359084 -0.0485683 -0.00633091 -0.0142708 -0.048372 -0.048982 -0.0376494 -0.0156646 0.0168274 0.0168274 -0.00633091 -0.0485683 -0.0912371 -0.00897119 -0.0100402 0.0168274 0.135329 0.091424
0.646801 -0.394046 -0.209629 -0.0357292 0.645617 -0.209629 -0.0908217 0.645617 -0.394046 0.656334 -0.270762 0.340886 -0.0606881 0.878361 -0.0690334 -0.0951007 -9.83747e-4 0.997526 -0.209629 -0.0357292 0.340886 -0.254231 0.656334 -0.273383 0.656334 0.238313 -0.0590408 -0.25697 0.659448 1 0.630669 0.238313 -0.407954 -0.0363284 -0.0485683 1 -0.0212369 -0.0786075 -0.270762 -0.404581 0.220122 -0.0591132 -0.40653 0.0603063 -0.0735137 -0.104577 0.990086 -0.203566 0.101078 -0.40653 -0.253576 -0.0357292 -0.0735137 -0.256335 -0.40653 0.241025 -0.068302 -0.0920674 0.990086 0.0491907 -0.0690334 -0.432711 -0.203566 -0.094026 -0.0840049 0.244423 0.244423 -6.94224e-4 0.990086 0.478278 -0.071673 -0.0169234 0.244423 -0.110686 0.725909
-0.0619093 0.131951 -0.0380019 -0.00345719 -0.0622192 -0.0380019 -0.0126168 -0.0622192 0.131951 -0.0598537 -0.0530114 0.0617635 -0.0104552 -0.0318015 -0.0110319 -0.00920203 -0.00693514 -0.0209931 -0.0380019 -0.00345719 0.0617635 -0.0418484 -0.0598537 -0.0532466 -0.0598537 0.0431614 -0.00851085 -0.0420808 -0.0601554 -0.0212369 -0.0664621 0.0431614 0.127619 -0.00693514 -0.00776151 -0.0212369 1 -0.0274856 -0.0530114 0.128586 -0.0153472 -0.0131065 0.129205 -0.006 -0.0277588 0.157087 -0.0212369 -0.0378654 -0.006 0.129205 -0.0419619 -0.00345719 -0.0277588 -0.0421949 0.129205 0.0433917 -0.00920203 -0.0277588 -0.0212369 -0.00489409 -0.0110319 0.107174 -0.0378654 -0.0291047 -0.0121095 0.0431614 0.0431614 0.815681 -0.0212369 0.0850696 -0.00693514 -0.00776151 0.0431614 -0.020525 -0.0477494
0.320301 -0.146837 -0.121015 -0.0158372 0.319829 -0.121015 -0.0577966 0.319829 -0.146837 0.320136 0.498406 0.217566 -0.00328167 0.377729 -0.00817007 0.0083304 0.0348139 -0.0774913 -0.121015 -0.0158372 0.217566 -0.10775 0.320136 0.496818 0.320136 0.163187 0.0154867 -0.108974 0.319642 -0.0786075 0.311826 0.163187 -0.146426 0.234564 -0.0355549 -0.0786075 -0.0274856 1 0.498406 -0.153972 0.115817 -0.0600397 -0.154713 0.0493213 0.991301 -0.0554726 -0.0786075 -0.121056 -0.0274856 -0.154713 -0.10741 -0.0158372 0.991301 -0.108642 -0.154713 0.152805 -0.0421538 0.903922 -0.0786075 0.0715554 -0.00817007 0.342821 -0.121056 0.950525 -0.0167188 0.151676 0.151676 -0.0224195 -0.0786075 0.262413 -0.0317694 0.262514 0.151676 -0.0701378 -0.142448
0.52817 -0.27082 -0.225528 0.0482457 0.531969 -0.225528 -0.0229981 0.531969 -0.27082 0.543767 0.993804 0.335107 -0.0394236 -0.0212793 -0.0220432 -0.0213828 -0.02176 -0.268606 -0.225528 0.0482457 0.335107 0.804643 0.543767 0.996911 0.543767 0.217397 -0.0105402 0.807467 0.542704 -0.270762 0.514997 0.217397 -0.276989 0.0967809 0.143691 -0.270762 -0.0530114 0.498406 1 -0.284717 0.0116748 -0.0304555 -0.275149 0.0381501 0.491089 -0.0839919 -0.270762 -0.225707 -0.0530114 -0.275149 0.801298 -0.0305451 0.491089 0.804128 -0.275149 0.212874 0.158375 0.491089 -0.270762 0.0125286 -0.0220432 5.75723e-4 -0.225707 0.506662 -0.0379952 0.210566 0.210566 -0.0432404 -0.270762 -0.245471 -0.02176 0.108313 0.210566 -0.0821189 0.30249
-0.547894 0.976188 -0.177141 -0.0412891 -0.551296 -0.177141 -0.0729455 -0.551296 0.976188 -0.578987 -0.290161 0.352973 0.0844929 -0.451389 0.133335 -0.0572524 0.0560457 -0.406534 -0.177141 0.027939 0.352973 -0.21838 -0.578987 -0.287766 -0.578987 0.281399 0.125588 -0.221689 -0.578136 -0.404581 -0.595666 0.281399 0.995262 -0.0481082 -0.0305277 -0.404581 0.128586 -0.153972 -0.284717 1 -0.134767 -0.100291 0.995206 -0.0716578 -0.149276 0.239311 -0.399712 -0.178989 -0.0716578 0.995206 -0.223168 0.027939 -0.149276 -0.220188 0.995206 0.284523 -0.0572524 -0.167501 -0.399712 -0.0094494 0.0891536 0.857423 -0.178989 -0.162159 0.17869 0.281399 0.281399 0.0885516 -0.399712 0.471759 -0.0133902 5.56172e-4 0.281399 0.215689 -0.508392
0.196595 -0.131327 -0.00362771 -0.00884305 0.19636 -0.00362771 -0.0322721 0.19636 -0.131327 0.201007 0.0116748 0.0921186 -0.0267431 0.261599 -0.0282183 -0.0235376 -0.0177392 0.220738 -0.00362771 -0.00884305 0.0921186 -0.0647471 0.201007 0.0109719 0.201007 0.110401 -0.0217697 -0.0654216 0.200764 0.220122 0.197189 0.110401 -0.13547 0.0996663 -0.0198529 0.220122 -0.0153472 0.115817 0.0116748 -0.134767 1 -0.0335246 -0.135417 -0.0153472 0.113887 -0.0309745 0.220122 -0.00445467 -0.0153472 -0.135417 -0.0646037 -0.00884305 0.113887 -0.0652831 -0.135417 0.11099 -0.0235376 0.113887 0.220122 -0.0125184 -0.0282183 -0.0741373 -0.00445467 0.104723 -0.0309745 0.110401 0.110401 -0.0125184 0.220122 0.127822 -0.0177392 -0.0198529 0.110401 -0.0525003 0.156863
-0.0796424 -0.0971883 -0.0558981 -0.00755193 -0.0802323 -0.0558981 -0.0275603 -0.0802323 -0.0971883 -0.0752847 -0.0304555 -0.189513 0.0683342 -0.0811578 -0.0240983 -0.020101 -0.0151492 -0.0585803 -0.0558981 -0.00755193 -0.189513 -0.0178833 -0.0752847 -0.0310279 -0.0752847 -0.282098 -0.0185912 0.00593357 -0.0758609 -0.0591132 -0.0186592 -0.282098 -0.100947 -0.0151492 -0.0169543 -0.0591132 -0.0131065 -0.0600397 -0.0304555 -0.100291 -0.0335246 1 -0.100774 -0.0131065 -0.0606366 -0.0264521 -0.0591132 -0.0559407 -0.0131065 -0.100774 0.00738415 -0.00755193 -0.0606366 0.0066819 -0.100774 -0.280994 -0.020101 -0.0606366 -0.0591132 -0.0106907 0.0624834 -0.127984 -0.0559407 -0.0635767 -0.0264521 -0.282098 -0.282098 -0.0106907 -0.0591132 -0.178346 -0.0151492 -0.0169543 -0.282098 -0.044835 -0.0465615
-0.541982 0.971171 -0.177994 -0.0414881 -0.545387 -0.177994 -0.073297 -0.545387 0.971171 -0.573245 -0.280619 0.354673 0.0849 -0.453564 0.133978 -0.0575282 0.0563157 -0.408493 -0.177994 0.0280736 0.354673 -0.206865 -0.573245 -0.27822 -0.573245 0.282755 0.126193 -0.210213 -0.572377 -0.40653 -0.58969 0.282755 0.990481 -0.0483399 -0.0306747 -0.40653 0.129205 -0.154713 -0.275149 0.995206 -0.135417 -0.100774 1 -0.072003 -0.149995 0.240464 -0.40653 -0.179851 -0.072003 1 -0.217895 0.0280736 -0.149995 -0.214913 1 0.285894 -0.0575282 -0.168307 -0.40653 -0.00949493 0.0895831 0.861553 -0.179851 -0.16294 0.179551 0.282755 0.282755 0.0889782 -0.40653 0.469586 -0.0134547 5.58852e-4 0.282755 0.216728 -0.510841
0.0806095 -0.0705244 -0.0380019 -0.00345719 0.0805232 -0.0380019 -0.0126168 0.0805232 -0.0705244 0.0823253 0.0381501 0.0209931 -0.0104552 0.0805837 -0.0110319 -0.00920203 -0.00693514 0.0605477 -0.0380019 -0.00345719 0.0209931 0.0105142 0.0823253 0.0378522 0.0823253 -0.00709365 -0.00851085 0.0101825 0.0822359 0.0603063 0.080971 -0.00709365 -0.07186 -0.00693514 -0.00776151 0.0603063 -0.006 0.0493213 0.0381501 -0.0716578 -0.0153472 -0.0131065 -0.072003 1 0.04854 -0.0121095 0.0603063 -0.0378654 -0.006 -0.072003 0.0109374 -0.00345719 0.04854 0.0106012 -0.072003 -0.00678306 -0.00920203 0.04854 0.0603063 -0.00489409 -0.0110319 -0.0450026 -0.0378654 0.0448331 -0.0121095 -0.00709365 -0.00709365 -0.00489409 0.0603063 0.0109744 -0.00693514 -0.00776151 -0.00709365 -0.020525 0.0632734
0.318892 -0.142001 -0.123096 -0.0159946 0.318408 -0.123096 -0.0583713 0.318408 -0.142001 0.318871 0.491089 0.220811 -0.00405293 0.378501 -0.00895274 0.00757739 0.0340577 -0.0723866 -0.123096 -0.0159946 0.220811 -0.110212 0.318871 0.489494 0.318871 0.165381 0.0147388 -0.111445 0.318365 -0.0735137 0.310314 0.165381 -0.14183 0.232487 -0.0359084 -0.0735137 -0.0277588 0.991301 0.491089 -0.149276 0.113887 -0.0606366 -0.149995 0.04854 1 -0.0560242 -0.0827906 -0.123127 -0.0277588 -0.149995 -0.109882 -0.0159946 1 -0.111124 -0.149995 0.155085 -0.042573 0.913198 -0.0827906 0.070711 -0.00895274 0.351568 -0.123127 0.958854 -0.0175267 0.153947 0.153947 -0.0226424 -0.0827906 0.26713 -0.0320852 0.260189 0.153947 -0.0712306 -0.147934
-0.160903 0.245878 -0.0474709 -0.00697747 -0.161585 -0.0474709 -0.0254638 -0.161585 0.245878 -0.156668 -0.0839919 0.0629405 -0.0211012 -0.120889 -0.0222652 -0.018572 -0.0139968 -0.104083 -0.0474709 -0.00697747 0.0629405 -0.0580403 -0.156668 -0.0844823 -0.156668 0.0363968 -0.017177 -0.0585594 -0.157331 -0.104577 -0.171332 0.0363968 0.237436 -0.0139968 -0.0156646 -0.104577 0.157087 -0.0554726 -0.0839919 0.239311 -0.0309745 -0.0264521 0.240464 -0.0121095 -0.0560242 1 -0.104577 -0.0475627 -0.0121095 0.240464 -0.0579985 0.285495 -0.0560242 -0.0585208 0.240464 0.0369426 -0.018572 -0.0560242 -0.104577 -0.00987748 -0.0222652 0.197108 -0.0475627 -0.0587406 -0.0244399 0.0363968 0.0363968 -0.00987748 -0.104577 0.0969202 -0.0139968 -0.0156646 0.0363968 -0.0414246 -0.133715
0.642469 -0.389122 -0.216672 -0.0357292 0.641278 -0.216672 -0.0908217 0.641278 -0.389122 0.652012 -0.26522 0.340886 -0.0606881 0.873806 -0.0690334 -0.0951007 -9.83747e-4 0.987612 -0.216672 -0.0357292 0.340886 -0.254231 0.652012 -0.267845 0.652012 0.232203 -0.0590408 -0.25697 0.65512 0.990086 0.626188 0.232203 -0.403103 -0.0363284 -0.0485683 0.990086 -0.0212369 -0.0786075 -0.270762 -0.399712 0.220122 -0.0591132 -0.40653 0.0603063 -0.0827906 -0.104577 1 -0.217474 0.101078 -0.40653 -0.253576 -0.0357292 -0.0827906 -0.256335 -0.40653 0.234924 -0.068302 -0.101344 1 0.0491907 -0.0690334 -0.437337 -0.217474 -0.103016 -0.0840049 0.238313 0.238313 -6.94224e-4 1 0.482782 -0.071673 -0.0169234 0.238313 -0.110686 0.734908
-0.35424 -0.182604 0.99515 -0.021818 -0.356139 0.99515 0.308947 -0.356139 -0.182604 -0.353479 -0.225707 -0.59073 4.62335e-4 -0.239034 -0.00652309 -0.0204788 -0.0437669 -0.202025 0.99515 -0.021818 -0.59073 -0.174789 -0.353479 -0.227266 -0.353479 0.135239 -0.0537111 -0.176425 -0.355347 -0.203566 -0.356568 0.135239 -0.181308 0.0553987 -0.048982 -0.203566 -0.0378654 -0.121056 -0.225707 -0.178989 -0.00445467 -0.0559407 -0.179851 -0.0378654 -0.123127 -0.0475627 -0.217474 1 0.0193307 -0.179851 -0.174589 -0.021818 -0.123127 -0.176236 -0.179851 0.136912 0.0171155 -0.0970997 -0.217474 -0.0308861 -0.00652309 -0.225606 1 -0.10801 -0.0187038 0.135239 0.135239 -0.0308861 -0.217474 -0.417307 -0.0437669 -0.048982 0.135239 0.0305528 -0.32659
0.0449798 -0.0705244 0.0199222 -0.00345719 0.0448376 0.0199222 -0.0126168 0.0448376 -0.0705244 0.0467805 -0.0530114 -0.0197773 -0.0104552 0.0805837 -0.0110319 -0.00920203 -0.00693514 0.101318 0.0199222 -0.00345719 -0.0197773 -0.0418484 0.0467805 -0.0532466 0.0467805 -0.00709365 -0.00851085 -0.0420808 0.0466381 0.101078 0.0441127 -0.00709365 -0.07186 -0.00693514 -0.00776151 0.101078 -0.006 -0.0274856 -0.0530114 -0.0716578 -0.0153472 -0.0131065 -0.072003 -0.006 -0.0277588 -0.0121095 0.101078 0.0193307 1 -0.072003 -0.0419619 -0.00345719 -0.0277588 -0.0421949 -0.072003 -0.00678306 -0.00920203 -0.0277588 0.101078 -0.00489409 -0.0110319 -0.0830468 0.0193307 -0.0291047 -0.0121095 -0.00709365 -0.00709365 -0.00489409 0.101078 0.0109744 -0.00693514 -0.00776151 -0.00709365 -0.020525 0.0632734
-0.541982 0.971171 -0.177994 -0.0414881 -0.545387 -0.177994 -0.073297 -0.545387 0.971171 -0.573245 -0.280619 0.354673 0.0849 -0.453564 0.133978 -0.0575282 0.0563157 -0.408493 -0.177994 0.0280736 0.354673 -0.206865 -0.573245 -0.27822 -0.573245 0.282755 0.126193 -0.210213 -0.572377 -0.40653 -0.58969 0.282755 0.990481 -0.0483399 -0.0306747 -0.40653 0.129205 -0.154713 -0.275149 0.995206 -0.135417 -0.100774 1 -0.072003 -0.149995 0.240464 -0.40653 -0.179851 -0.072003 1 -0.217895 0.0280736 -0.149995 -0.214913 1 0.285894 -0.0575282 -0.168307 -0.40653 -0.00949493 0.0895831 0.861553 -0.179851 -0.16294 0.179551 0.282755 0.282755 0.0889782 -0.40653 0.469586 -0.0134547 5.58852e-4 0.282755 0.216728 -0.510841
0.385768 -0.212143 -0.174396 0.0672632 0.39051400000000003 -0.174396 0.0144426 0.39051400000000003 -0.212143 0.403799 0.801298 0.232573 -0.0423938 -0.277565 -0.0187953 -0.0295857 -0.0485019 -0.251868 -0.174396 0.0672632 0.232573 0.98767 0.403799 0.798845 0.403799 0.135372 -0.0220037 0.991861 0.402917 -0.253576 0.376344 0.135372 -0.219351 -0.0485019 0.192066 -0.253576 -0.0419619 -0.10741 0.801298 -0.223168 -0.0646037 0.00738415 -0.217895 0.0109374 -0.109882 -0.0579985 -0.253576 -0.174589 -0.0419619 -0.217895 1 -0.0241784 -0.109882 0.995846 -0.217895 0.137248 0.213805 -0.0497004 -0.253576 -0.0342275 -0.0187953 -0.238713 -0.174589 -0.0635828 -0.0313075 0.135372 0.135372 -0.0342275 -0.253576 -0.462875 -0.0026439 -0.0542812 0.135372 -0.0612903 0.446404
-0.0562019 0.0293638 -0.0218967 -0.00199203 -0.0564127 -0.0218967 -0.00726979 -0.0564127 0.0293638 -0.054968500000000003 -0.0305451 -0.0348875 -0.00602429 -0.0399094 -0.0063566 -0.0053022 -0.00399602 -0.0355881 -0.0218967 -0.00199203 -0.0348875 -0.024113 -0.054968500000000003 -0.0306806 -0.054968500000000003 -0.0620012 -0.00490394 -0.0242469 -0.0551729 -0.0357292 -0.0595331 -0.0620012 0.0275581 -0.00399602 -0.00447217 -0.0357292 -0.00345719 -0.0158372 -0.0305451 0.027939 -0.00884305 -0.00755193 0.0280736 -0.00345719 -0.0159946 0.285495 -0.0357292 -0.021818 -0.00345719 0.0280736 -0.0241784 1 -0.0159946 -0.0243126 0.0280736 -0.0617296 -0.0053022 -0.0159946 -0.0357292 -0.00281997 -0.0063566 0.0179116 -0.021818 -0.0167701 -0.00697747 -0.0620012 -0.0620012 -0.00281997 -0.0357292 -0.0150234 -0.00399602 -0.00447217 -0.0620012 -0.0118265 -0.0488369
0.318892 -0.142001 -0.123096 -0.0159946 0.318408 -0.123096 -0.0583713 0.318408 -0.142001 0.318871 0.491089 0.220811 -0.00405293 0.378501 -0.00895274 0.00757739 0.0340577 -0.0723866 -0.123096 -0.0159946 0.220811 -0.110212 0.318871 0.489494 0.318871 0.165381 0.0147388 -0.111445 0.318365 -0.0735137 0.310314 0.165381 -0.14183 0.232487 -0.0359084 -0.0735137 -0.0277588 0.991301 0.491089 -0.149276 0.113887 -0.0606366 -0.149995 0.04854 1 -0.0560242 -0.0827906 -0.123127 -0.0277588 -0.149995 -0.109882 -0.0159946 1 -0.111124 -0.149995 0.155085 -0.042573 0.913198 -0.0827906 0.070711 -0.00895274 0.351568 -0.123127 0.958854 -0.0175267 0.153947 0.153947 -0.0226424 -0.0827906 0.26713 -0.0320852 0.260189 0.153947 -0.0712306 -0.147934
